# Matter power spectrum P(k) at redshift z=2
# for k=1.04952e-05 to 58.9789 h/Mpc,
# number of wavenumbers equal to 575
#    1:k (h/Mpc)              2:P (Mpc/h)^3        
       1.049521996540e-05       8.357024998572e+00 
       2.312703140351e-05       1.791152999358e+01 
       3.580220203963e-05       2.730578218021e+01 
       4.855352787053e-05       3.663637700580e+01 
       6.141433211936e-05       4.595869272734e+01 
       7.441875102904e-05       5.531433643271e+01 
       8.760202852808e-05       6.473891212917e+01 
       1.010008235465e-04       7.426521668613e+01 
       1.146535337898e-04       8.392487357581e+01 
       1.286006398104e-04       9.374932840300e+01 
       1.428850732267e-04       1.037682985311e+02 
       1.575526129020e-04       1.140187659230e+02 
       1.726523127585e-04       1.245333848916e+02 
       1.882369646229e-04       1.353485257530e+02 
       2.043635989836e-04       1.465028517635e+02 
       2.210940257026e-04       1.580377075761e+02 
       2.384954154191e-04       1.699975103845e+02 
       2.566409204418e-04       1.824301453873e+02 
       2.756103311382e-04       1.953873648876e+02 
       2.954907599292e-04       2.089251858521e+02 
       3.163773396783e-04       2.231042770605e+02 
       3.383739161997e-04       2.379903189175e+02 
       3.615937054699e-04       2.536543156674e+02 
       3.861598746494e-04       2.701728308558e+02 
       4.122059921309e-04       2.876281045107e+02 
       4.398762757783e-04       3.061080072438e+02 
       4.693255511264e-04       3.257057652883e+02 
       5.007188142551e-04       3.465193943482e+02 
       5.342302801493e-04       3.686507609342e+02 
       5.700417908375e-04       3.922041980943e+02 
       6.083404640704e-04       4.172846070971e+02 
       6.493154893013e-04       4.439950066222e+02 
       6.931540295049e-04       4.724335231982e+02 
       7.400362688145e-04       5.026898909068e+02 
       7.901297556666e-04       5.348415929631e+02 
       8.435833195404e-04       5.689498750378e+02 
       9.005209670199e-04       6.050559309657e+02 
       9.610362618295e-04       6.431776186970e+02 
       1.025187732878e-03       6.833070703527e+02 
       1.092995810025e-03       7.254094848232e+02 
       1.164441652253e-03       7.694233106296e+02 
       1.239468023948e-03       8.152549429356e+02 
       1.317982131218e-03       8.627982871884e+02 
       1.365374112507e-03       8.912913273448e+02 
       1.399860102217e-03       9.119285857397e+02 
       1.484952629637e-03       9.625040077748e+02 
       1.573091217505e-03       1.014373268635e+03 
       1.664094490714e-03       1.067380067581e+03 
       1.757774114867e-03       1.121367262316e+03 
       1.853940004620e-03       1.176180289005e+03 
       1.952404638443e-03       1.231669998732e+03 
       2.052986422001e-03       1.287694769001e+03 
       2.155512137086e-03       1.344122060258e+03 
       2.259818574702e-03       1.400829171644e+03 
       2.365753482517e-03       1.457703680997e+03 
       2.473175965450e-03       1.514643521239e+03 
       2.581956471182e-03       1.571556530865e+03 
       2.691976476543e-03       1.628359926069e+03 
       2.803127971240e-03       1.684979771265e+03 
       2.915312815527e-03       1.741350301719e+03 
       3.028442030286e-03       1.797412883011e+03 
       3.142435062419e-03       1.853116312081e+03 
       3.257219055803e-03       1.908414516054e+03 
       3.372728148150e-03       1.963267858210e+03 
       3.488902806543e-03       2.017640950283e+03 
       3.605689208915e-03       2.071503878048e+03 
       3.723038674752e-03       2.124829503194e+03 
       3.840907145565e-03       2.177595008080e+03 
       3.959254713861e-03       2.229780614144e+03 
       4.078045198199e-03       2.281369144502e+03 
       4.197245761236e-03       2.332346476486e+03 
       4.316826567374e-03       2.382699686453e+03 
       4.436760476516e-03       2.432419318296e+03 
       4.557022770484e-03       2.481496519848e+03 
       4.677590908857e-03       2.529924132917e+03 
       4.798444311143e-03       2.577697252761e+03 
       4.919564162495e-03       2.624810989116e+03 
       5.040933240388e-03       2.671262769799e+03 
       5.162535759947e-03       2.717050235105e+03 
       5.284357235852e-03       2.762171052742e+03 
       5.406384358951e-03       2.806626239370e+03 
       5.528604885928e-03       2.850414556888e+03 
       5.651007540563e-03       2.893537500076e+03 
       5.773581925274e-03       2.935996805285e+03 
       5.896318441787e-03       2.977793343570e+03 
       6.019208219924e-03       3.018929881960e+03 
       6.142243053592e-03       3.059409162624e+03 
       6.265415343199e-03       3.099233198443e+03 
       6.388718043770e-03       3.138406508490e+03 
       6.512144618156e-03       3.176932802782e+03 
       6.635688994790e-03       3.214814716293e+03 
       6.759345529484e-03       3.252056512888e+03 
       6.883108970869e-03       3.288663592922e+03 
       7.006974429057e-03       3.324637548909e+03 
       7.130937347233e-03       3.359985152078e+03 
       7.254993475829e-03       3.394711306107e+03 
       7.379138849064e-03       3.428819748978e+03 
       7.503369763566e-03       3.462313127791e+03 
       7.627682758903e-03       3.495206430560e+03 
       7.752074599819e-03       3.527491315790e+03 
       7.876542260001e-03       3.559173945065e+03 
       8.001082907249e-03       3.590265343787e+03 
       8.125693889895e-03       3.620769285718e+03 
       8.250372724364e-03       3.650690057946e+03 
       8.375117083770e-03       3.680032625358e+03 
       8.499924787441e-03       3.708804000733e+03 
       8.624793791300e-03       3.737006385070e+03 
       8.749722179018e-03       3.764645493491e+03 
       8.874708153873e-03       3.791726028397e+03 
       8.999750031245e-03       3.818252168264e+03 
       9.124846231701e-03       3.844235449856e+03 
       9.249995274615e-03       3.869675321680e+03 
       9.375195772273e-03       3.894577569995e+03 
       9.500446424428e-03       3.918949356369e+03 
       9.625746013265e-03       3.942790710650e+03 
       9.751093398737e-03       3.966111593994e+03 
       9.876487514253e-03       3.988916679568e+03 
       1.000192736268e-02       4.011208020119e+03 
       1.012741201262e-02       4.032993024492e+03 
       1.025294059501e-02       4.054275318250e+03 
       1.037851229988e-02       4.075061170019e+03 
       1.050412637342e-02       4.095351025701e+03 
       1.062978211522e-02       4.115158049895e+03 
       1.075547887571e-02       4.134481862221e+03 
       1.088121605378e-02       4.153326105106e+03 
       1.100699309458e-02       4.171697285936e+03 
       1.113280948744e-02       4.189599397702e+03 
       1.125866476396e-02       4.207039686220e+03 
       1.138455849626e-02       4.224017610351e+03 
       1.151049029527e-02       4.240544078412e+03 
       1.163645980924e-02       4.256620322911e+03 
       1.176246672226e-02       4.272249723545e+03 
       1.188851075295e-02       4.287440694461e+03 
       1.201459165321e-02       4.302194876760e+03 
       1.214070920707e-02       4.316516286219e+03 
       1.226686322961e-02       4.330411747320e+03 
       1.239305356596e-02       4.343885209417e+03 
       1.251928009038e-02       4.356938706649e+03 
       1.264554270538e-02       4.369581158959e+03 
       1.277184134097e-02       4.381812765475e+03 
       1.289817595385e-02       4.393638232752e+03 
       1.302454652681e-02       4.405065323607e+03 
       1.315095306802e-02       4.416094159513e+03 
       1.327739561051e-02       4.426731788178e+03 
       1.340387421161e-02       4.436979871749e+03 
       1.353038895245e-02       4.446841913067e+03 
       1.365374112507e-02       4.456093594351e+03 
       1.365693993753e-02       4.456328659881e+03 
       1.378352729429e-02       4.465434362969e+03 
       1.391015117276e-02       4.474174319466e+03 
       1.403681174522e-02       4.482544252362e+03 
       1.416350920586e-02       4.490549699102e+03 
       1.429024377057e-02       4.498200293196e+03 
       1.441701567666e-02       4.505492266769e+03 
       1.454382518265e-02       4.512432732702e+03 
       1.467067256809e-02       4.519026277418e+03 
       1.479755813344e-02       4.525275699059e+03 
       1.492448219987e-02       4.531184224280e+03 
       1.505144510923e-02       4.536762432581e+03 
       1.517844722390e-02       4.542001751565e+03 
       1.530548892679e-02       4.546921293301e+03 
       1.543257062128e-02       4.551511197275e+03 
       1.555969273119e-02       4.555783128012e+03 
       1.568685570080e-02       4.559736424188e+03 
       1.581405999491e-02       4.563378207906e+03 
       1.594130609881e-02       4.566712132189e+03 
       1.606859451845e-02       4.569739639629e+03 
       1.619592578041e-02       4.572464933198e+03 
       1.632330043209e-02       4.574892645799e+03 
       1.645071904182e-02       4.577027085442e+03 
       1.657818219894e-02       4.578869632716e+03 
       1.670569051404e-02       4.580424028181e+03 
       1.683324461908e-02       4.581697007481e+03 
       1.696084516758e-02       4.582689600922e+03 
       1.708849283487e-02       4.583403444479e+03 
       1.721618831828e-02       4.583848417675e+03 
       1.734393233738e-02       4.584021880706e+03 
       1.747172563426e-02       4.583928947826e+03 
       1.759956897380e-02       4.583573222622e+03 
       1.772746314395e-02       4.582960109753e+03 
       1.785540895603e-02       4.582087194969e+03 
       1.798340724509e-02       4.580967756182e+03 
       1.811145887023e-02       4.579596411428e+03 
       1.823956471493e-02       4.577979659294e+03 
       1.836772568748e-02       4.576120896939e+03 
       1.849594272132e-02       4.574021761833e+03 
       1.862421677549e-02       4.571690099548e+03 
       1.875254883503e-02       4.569122112477e+03 
       1.888093991143e-02       4.566329526487e+03 
       1.900939104308e-02       4.563308620085e+03 
       1.913790329576e-02       4.560063143305e+03 
       1.926647776316e-02       4.556602030087e+03 
       1.939511556735e-02       4.552923899100e+03 
       1.952381785932e-02       4.549029243294e+03 
       1.965258581958e-02       4.544924185925e+03 
       1.978142065867e-02       4.540620026902e+03 
       1.991032361781e-02       4.536104151639e+03 
       2.003929596947e-02       4.531388148904e+03 
       2.016833901800e-02       4.526477327388e+03 
       2.029745410034e-02       4.521371855489e+03 
       2.042664258664e-02       4.516071497489e+03 
       2.055590588096e-02       4.510582145080e+03 
       2.068524542204e-02       4.504910221533e+03 
       2.081466268399e-02       4.499053206815e+03 
       2.094415917710e-02       4.493017786703e+03 
       2.107373644860e-02       4.486801515262e+03 
       2.120339608349e-02       4.480414951618e+03 
       2.133313970539e-02       4.473857247280e+03 
       2.146296897743e-02       4.467129687692e+03 
       2.159288560309e-02       4.460234745380e+03 
       2.172289132719e-02       4.453176472759e+03 
       2.185298793680e-02       4.445964446009e+03 
       2.198317726226e-02       4.438586168744e+03 
       2.211346117817e-02       4.431058795772e+03 
       2.224384160444e-02       4.423375357419e+03 
       2.237432050741e-02       4.415546638564e+03 
       2.250489990091e-02       4.407571570784e+03 
       2.263558184744e-02       4.399453667342e+03 
       2.276636845936e-02       4.391192509917e+03 
       2.289726190010e-02       4.382785829916e+03 
       2.302826438544e-02       4.374251121947e+03 
       2.315937818478e-02       4.365580748557e+03 
       2.329060562252e-02       4.356776890813e+03 
       2.342194907944e-02       4.347838922188e+03 
       2.355341099411e-02       4.338787860069e+03 
       2.368499386438e-02       4.329601956813e+03 
       2.381670024890e-02       4.320302351131e+03 
       2.394853276872e-02       4.310881834140e+03 
       2.408049410886e-02       4.301342217532e+03 
       2.421258702004e-02       4.291689306948e+03 
       2.434481432038e-02       4.281919918390e+03 
       2.447717889721e-02       4.272056036860e+03 
       2.460968370890e-02       4.262071265130e+03 
       2.474233178679e-02       4.251976665702e+03 
       2.487512623713e-02       4.241793927038e+03 
       2.500807024316e-02       4.231508192091e+03 
       2.514116706717e-02       4.221120733304e+03 
       2.527442005274e-02       4.210636731565e+03 
       2.540783262693e-02       4.200058064717e+03 
       2.554140830266e-02       4.189393031019e+03 
       2.567515068109e-02       4.178623453863e+03 
       2.580906345412e-02       4.167775861375e+03 
       2.594315040699e-02       4.156843402230e+03 
       2.607741542092e-02       4.145824951289e+03 
       2.621186247592e-02       4.134729390902e+03 
       2.634649565360e-02       4.123550342173e+03 
       2.648131914018e-02       4.112296273039e+03 
       2.661633722956e-02       4.100955786305e+03 
       2.675155432646e-02       4.089591725541e+03 
       2.688697494980e-02       4.078098143341e+03 
       2.702260373605e-02       4.066656596802e+03 
       2.715844544282e-02       4.054937449293e+03 
       2.729450495252e-02       4.043388069531e+03 
       2.743078727620e-02       4.031493229599e+03 
       2.756729755751e-02       4.019706244175e+03 
       2.770404107680e-02       4.007949280272e+03 
       2.784102325542e-02       3.995903654306e+03 
       2.797824966012e-02       3.983920053345e+03 
       2.811572600772e-02       3.971878694711e+03 
       2.825345816984e-02       3.959787219420e+03 
       2.839145217793e-02       3.947635614515e+03 
       2.852971422842e-02       3.935436501044e+03 
       2.866825068814e-02       3.923150663268e+03 
       2.880706809989e-02       3.910858495413e+03 
       2.894617318833e-02       3.898632657143e+03 
       2.908557286599e-02       3.886112020278e+03 
       2.922527423967e-02       3.873660346513e+03 
       2.936528461699e-02       3.861204289807e+03 
       2.950561151327e-02       3.848776517970e+03 
       2.964626265871e-02       3.836186412244e+03 
       2.978724600587e-02       3.823536773082e+03 
       2.992856973743e-02       3.810865659614e+03 
       3.007024227437e-02       3.798268381501e+03 
       3.021227228447e-02       3.785522987746e+03 
       3.035466869112e-02       3.772780427478e+03 
       3.049744068270e-02       3.760011398940e+03 
       3.064059772216e-02       3.747211001259e+03 
       3.078414955727e-02       3.734408655868e+03 
       3.092810623112e-02       3.721539093249e+03 
       3.107247809328e-02       3.708668666442e+03 
       3.121727581141e-02       3.695746459815e+03 
       3.136251038344e-02       3.682845053458e+03 
       3.150819315026e-02       3.669864979699e+03 
       3.165433580918e-02       3.656940382838e+03 
       3.180095042788e-02       3.643883112670e+03 
       3.194804945918e-02       3.630914951111e+03 
       3.209564575643e-02       3.617888106800e+03 
       3.224375258975e-02       3.604791633201e+03 
       3.239238366311e-02       3.591715409749e+03 
       3.254155313219e-02       3.578607312903e+03 
       3.269127562329e-02       3.565460689333e+03 
       3.284156625309e-02       3.552394055255e+03 
       3.299244064961e-02       3.539201208216e+03 
       3.314391497415e-02       3.526037898055e+03 
       3.329600594452e-02       3.512854005149e+03 
       3.344873085946e-02       3.499672905211e+03 
       3.360210762447e-02       3.486470437505e+03 
       3.375615477904e-02       3.473271872474e+03 
       3.391089152544e-02       3.460059523469e+03 
       3.406633775914e-02       3.446817973942e+03 
       3.422251410098e-02       3.433558424643e+03 
       3.437944193124e-02       3.420302356119e+03 
       3.453714342572e-02       3.407053556687e+03 
       3.469564159391e-02       3.393764464116e+03 
       3.485496031959e-02       3.380481285867e+03 
       3.501512440381e-02       3.367245161700e+03 
       3.517615961053e-02       3.353977238164e+03 
       3.533809271520e-02       3.340577248378e+03 
       3.550095155638e-02       3.327262012499e+03 
       3.566476509059e-02       3.313931397067e+03 
       3.582956345090e-02       3.300656613242e+03 
       3.599537800921e-02       3.287258723926e+03 
       3.616224144278e-02       3.273930891679e+03 
       3.633018780522e-02       3.260590972487e+03 
       3.649925260238e-02       3.247197212548e+03 
       3.666947287342e-02       3.233850883646e+03 
       3.684088727768e-02       3.220467402911e+03 
       3.701353618767e-02       3.207082886164e+03 
       3.718746178881e-02       3.193686874165e+03 
       3.736270818650e-02       3.180280650877e+03 
       3.753932152108e-02       3.166885022642e+03 
       3.771735009151e-02       3.153463910628e+03 
       3.789684448856e-02       3.140070260178e+03 
       3.807785773819e-02       3.126600180349e+03 
       3.826044545641e-02       3.113169765191e+03 
       3.844466601636e-02       3.099725547325e+03 
       3.863058072912e-02       3.086235912808e+03 
       3.881825403931e-02       3.072752041710e+03 
       3.900775373718e-02       3.059252466639e+03 
       3.919915118867e-02       3.045744455966e+03 
       3.939252158552e-02       3.032219620112e+03 
       3.958794421722e-02       3.018667173866e+03 
       3.978550276748e-02       3.005135924979e+03 
       3.998528563753e-02       2.991545430801e+03 
       4.018738629947e-02       2.977938271104e+03 
       4.039190368285e-02       2.964343859918e+03 
       4.059894259839e-02       2.950719728740e+03 
       4.080861420303e-02       2.937071431268e+03 
       4.102103651135e-02       2.923365399348e+03 
       4.123633495873e-02       2.909651785148e+03 
       4.145464302275e-02       2.895912293657e+03 
       4.167610291004e-02       2.882140890077e+03 
       4.190086631689e-02       2.868333134157e+03 
       4.212909527328e-02       2.854488934567e+03 
       4.236096308119e-02       2.840614447664e+03 
       4.259665536020e-02       2.826688626007e+03 
       4.283637121485e-02       2.812723688096e+03 
       4.308032454123e-02       2.798716069129e+03 
       4.332874549257e-02       2.784661477600e+03 
       4.358188212733e-02       2.770537284459e+03 
       4.384000226720e-02       2.756378518488e+03 
       4.410339559722e-02       2.742136989927e+03 
       4.437237604613e-02       2.727843324986e+03 
       4.464728449199e-02       2.713471901964e+03 
       4.492849184662e-02       2.699017491269e+03 
       4.521640258286e-02       2.684496262796e+03 
       4.551145878105e-02       2.669876458084e+03 
       4.581414478669e-02       2.655167592848e+03 
       4.612499259042e-02       2.640346362838e+03 
       4.644458806457e-02       2.625421162417e+03 
       4.677357822008e-02       2.610388522913e+03 
       4.711267968374e-02       2.595217892443e+03 
       4.746268864115e-02       2.579906193506e+03 
       4.782449254793e-02       2.564448062707e+03 
       4.819908398384e-02       2.548827321149e+03 
       4.858757711544e-02       2.533019945678e+03 
       4.899122734876e-02       2.517001436023e+03 
       4.941145490069e-02       2.500804693944e+03 
       4.984987320553e-02       2.484369212191e+03 
       5.030832331237e-02       2.467662828587e+03 
       5.078891573332e-02       2.450678942880e+03 
       5.129408158764e-02       2.433348518486e+03 
       5.182663536882e-02       2.415695960526e+03 
       5.238985225398e-02       2.397565165110e+03 
       5.298756357876e-02       2.379088365191e+03 
       5.362427488643e-02       2.360031648659e+03 
       5.430531172732e-02       2.340356885373e+03 
       5.503699888707e-02       2.319985750103e+03 
       5.582687841361e-02       2.298726283083e+03 
       5.668396957533e-02       2.276529302559e+03 
       5.761906753035e-02       2.253110575405e+03 
       5.864506299435e-02       2.228174271158e+03 
       5.977723569834e-02       2.201348407992e+03 
       6.103341976173e-02       2.172145452226e+03 
       6.243384855685e-02       2.139884178483e+03 
       6.400036196696e-02       2.103695049277e+03 
       6.575454963443e-02       2.062460826903e+03 
       6.771446641855e-02       2.014892406817e+03 
       6.989006944543e-02       1.959649238131e+03 
       7.227864884879e-02       1.895705540710e+03 
       7.486267277108e-02       1.822736253674e+03 
       7.761212150076e-02       1.741532263729e+03 
       8.049081394618e-02       1.654096903199e+03 
       8.346354658450e-02       1.563381415798e+03 
       8.650089508571e-02       1.472761682149e+03 
       8.958079831471e-02       1.385617583334e+03 
       9.268791548944e-02       1.304653338938e+03 
       9.581210192839e-02       1.231861941697e+03 
       9.894686368717e-02       1.168365270767e+03 
       1.020881283099e-01       1.114419440068e+03 
       1.052333742697e-01       1.069571923742e+03 
       1.083810524625e-01       1.032766777624e+03 
       1.115302156473e-01       1.002532354844e+03 
       1.146802861836e-01       9.771484344502e+02 
       1.178309123281e-01       9.547965719136e+02 
       1.209818800150e-01       9.337561056483e+02 
       1.241330589507e-01       9.125101493135e+02 
       1.272843697688e-01       8.898812315971e+02 
       1.304357640513e-01       8.651506659126e+02 
       1.335872121867e-01       8.380345756311e+02 
       1.365374112507e-01       8.106277964410e+02 
       1.367386959966e-01       8.086955315115e+02 
       1.398902042570e-01       7.776600121810e+02 
       1.430417299799e-01       7.457023147705e+02 
       1.461932687616e-01       7.137311647982e+02 
       1.493448177797e-01       6.826541497328e+02 
       1.524963751828e-01       6.533201946492e+02 
       1.556479397195e-01       6.263589841228e+02 
       1.587995105124e-01       6.022074563480e+02 
       1.619510869195e-01       5.810627109626e+02 
       1.651026684502e-01       5.628946844295e+02 
       1.682542547128e-01       5.474722749971e+02 
       1.714058453823e-01       5.344096241350e+02 
       1.745574401805e-01       5.232487163880e+02 
       1.777090388630e-01       5.134640227568e+02 
       1.808606412112e-01       5.044088189205e+02 
       1.840122470266e-01       4.955440312212e+02 
       1.871638561277e-01       4.864063459860e+02 
       1.903154683466e-01       4.766631705919e+02 
       1.934670835279e-01       4.661435881480e+02 
       1.966187015269e-01       4.548223794615e+02 
       1.997703222084e-01       4.427740573683e+02 
       2.029219454462e-01       4.302109582202e+02 
       2.060735711216e-01       4.173737884366e+02 
       2.092251991237e-01       4.045345264633e+02 
       2.123768293480e-01       3.919881510061e+02 
       2.155284616962e-01       3.799771249142e+02 
       2.186800960758e-01       3.687373403965e+02 
       2.218317323996e-01       3.584226885548e+02 
       2.249833705854e-01       3.491208545184e+02 
       2.281350105553e-01       3.408390979551e+02 
       2.312866522360e-01       3.335161809750e+02 
       2.344382955581e-01       3.270259381250e+02 
       2.375899404557e-01       3.212070033693e+02 
       2.407415868666e-01       3.158841153926e+02 
       2.438932347317e-01       3.108661836180e+02 
       2.470448839951e-01       3.059851912650e+02 
       2.501965346035e-01       3.010873750685e+02 
       2.533481865065e-01       2.960567971093e+02 
       2.564998396561e-01       2.908153576609e+02 
       2.596514940065e-01       2.853278559416e+02 
       2.628031495144e-01       2.796059410943e+02 
       2.659548061382e-01       2.736976619999e+02 
       2.691064638387e-01       2.676908325714e+02 
       2.722581225782e-01       2.616832827243e+02 
       2.754097823208e-01       2.557764046375e+02 
       2.785614430322e-01       2.500595788798e+02 
       2.817131046799e-01       2.446042913073e+02 
       2.848647672325e-01       2.394650424485e+02 
       2.880164306601e-01       2.346704864556e+02 
       2.911680949343e-01       2.302445601098e+02 
       2.943197600276e-01       2.261645906593e+02 
       2.974714259139e-01       2.224042205474e+02 
       3.006230925681e-01       2.189183996497e+02 
       3.037747599662e-01       2.156493125632e+02 
       3.069264280852e-01       2.125345414454e+02 
       3.100780969029e-01       2.095100537068e+02 
       3.132297663982e-01       2.065198984522e+02 
       3.163814365508e-01       2.035317177733e+02 
       3.195331073410e-01       2.005092330167e+02 
       3.226847787501e-01       1.974407005027e+02 
       3.258364507601e-01       1.943216968965e+02 
       3.289881233535e-01       1.911656989172e+02 
       3.321397965138e-01       1.879846466920e+02 
       3.352914702249e-01       1.848076521990e+02 
       3.384431444713e-01       1.816649703370e+02 
       3.415948192380e-01       1.785858172885e+02 
       3.447464945109e-01       1.756006442555e+02 
       3.478981702760e-01       1.727285170293e+02 
       3.510498465201e-01       1.699914578734e+02 
       3.542015232302e-01       1.673930414405e+02 
       3.573532003941e-01       1.649223937538e+02 
       3.605048779998e-01       1.625835365726e+02 
       3.636565560356e-01       1.603528859992e+02 
       3.668082344906e-01       1.582202598518e+02 
       3.699599133539e-01       1.561683313003e+02 
       3.731115926152e-01       1.541787468490e+02 
       3.762632722643e-01       1.522323653166e+02 
       3.794149522917e-01       1.503117949420e+02 
       3.825666326879e-01       1.484089694118e+02 
       3.857183134438e-01       1.465098591127e+02 
       3.888699945507e-01       1.446118974561e+02 
       3.920216760000e-01       1.427163582987e+02 
       3.951733577835e-01       1.408309006974e+02 
       3.983250398933e-01       1.389568621312e+02 
       4.014767223217e-01       1.370990316419e+02 
       4.046284050611e-01       1.352712174047e+02 
       4.077800881044e-01       1.334746577202e+02 
       4.109317714445e-01       1.317204275934e+02 
       4.140834550746e-01       1.300140267724e+02 
       4.172351389881e-01       1.283629129831e+02 
       4.203868231787e-01       1.267681104056e+02 
       4.235385076401e-01       1.252285362470e+02 
       4.266901923662e-01       1.237471284173e+02 
       4.298418773513e-01       1.223117630917e+02 
       4.329935625897e-01       1.209203170132e+02 
       4.361452480758e-01       1.195680125857e+02 
       4.392969338044e-01       1.182456789005e+02 
       4.424486197701e-01       1.169490661740e+02 
       4.456003059680e-01       1.156724925862e+02 
       4.487519923932e-01       1.144114639912e+02 
       4.519036790409e-01       1.131623553207e+02 
       4.550553659063e-01       1.119224355623e+02 
       4.582070529852e-01       1.106913892830e+02 
       4.613587402729e-01       1.094705279785e+02 
       4.645104277653e-01       1.082627433942e+02 
       4.676621154583e-01       1.070717612553e+02 
       4.708138033477e-01       1.058999601542e+02 
       4.739654914297e-01       1.047499091460e+02 
       4.771171797004e-01       1.036235659275e+02 
       4.802688681561e-01       1.025222306887e+02 
       4.834205567932e-01       1.014465381242e+02 
       4.865722456081e-01       1.003974750564e+02 
       4.897239345974e-01       9.937490679441e+01 
       4.928756237577e-01       9.837792588336e+01 
       4.960273130858e-01       9.740474955529e+01 
       4.991790025784e-01       9.645287367081e+01 
       5.023306922326e-01       9.551967064470e+01 
       5.054823820451e-01       9.460263750298e+01 
       5.086340720131e-01       9.369989758586e+01 
       5.117857621337e-01       9.281021780267e+01 
       5.149374524042e-01       9.193272634506e+01 
       5.180891428216e-01       9.106704735920e+01 
       5.212408333834e-01       9.021241984423e+01 
       5.243925240870e-01       8.936827130485e+01 
       5.275442149298e-01       8.853431962027e+01 
       5.306959059094e-01       8.771076684853e+01 
       5.338475970232e-01       8.689840949795e+01 
       5.369992882689e-01       8.609804765692e+01 
       5.401509796443e-01       8.531046856233e+01 
       5.433026711470e-01       8.453719778872e+01 
       5.464543627748e-01       8.377752355404e+01 
       5.496060545256e-01       8.303167595385e+01 
       5.527577463973e-01       8.229940299601e+01 
       5.559094383878e-01       8.158038068704e+01 
       5.590611304951e-01       8.087446076225e+01 
       5.622128227172e-01       8.018144538450e+01 
       5.653645150522e-01       7.950102880084e+01 
       5.685162074982e-01       7.883228568620e+01 
       5.968567095013e-01       7.322317782003e+01 
       6.292366042054e-01       6.761673411874e+01 
       6.672323440491e-01       6.199498562623e+01 
       7.135027653463e-01       5.622073809972e+01 
       7.729064154028e-01       5.014938727457e+01 
       8.551354834100e-01       4.355597877986e+01 
       9.805125565127e-01       3.620650516124e+01 
       1.183883298711e+00       2.833943276232e+01 
       1.365374112507e+00       2.367581128343e+01 
       1.481729156680e+00       2.138715648499e+01 
       1.865079177292e+00       1.610010462024e+01 
       2.347993288388e+00       1.207849115908e+01 
       2.955948414703e+00       8.963954870528e+00 
       3.721318575222e+00       6.538029419644e+00 
       4.684862519729e+00       4.662228244029e+00 
       5.897892476849e+00       3.238149880965e+00 
       7.425006715135e+00       2.185388065188e+00 
       9.347529636426e+00       1.432166363263e+00 
       1.176784259680e+01       9.127125434690e-01 
       1.481483608710e+01       5.675536100998e-01 
       1.865077362162e+01       3.457854415974e-01 
       2.347993286187e+01       2.072512157489e-01 
       2.955948414703e+01       1.226448147132e-01 
       3.721318575222e+01       7.187542683746e-02 
       4.684862519729e+01       4.181653540140e-02 
       5.897892476849e+01       2.419767846683e-02 
