# Matter power spectrum P(k) at redshift z=1
# for k=1.04952e-05 to 58.9789 h/Mpc,
# number of wavenumbers equal to 575
#    1:k (h/Mpc)              2:P (Mpc/h)^3        
       1.049521996540e-05       1.760387739455e+01 
       2.312703140351e-05       3.773018985105e+01 
       3.580220203963e-05       5.751888002007e+01 
       4.855352787053e-05       7.717338766789e+01 
       6.141433211936e-05       9.681033440860e+01 
       7.441875102904e-05       1.165173303246e+02 
       8.760202852808e-05       1.363693372732e+02 
       1.010008235465e-04       1.564353986205e+02 
       1.146535337898e-04       1.767820844828e+02 
       1.286006398104e-04       1.974755814877e+02 
       1.428850732267e-04       2.185831340421e+02 
       1.575526129020e-04       2.401741613201e+02 
       1.726523127585e-04       2.623212088977e+02 
       1.882369646229e-04       2.851008134343e+02 
       2.043635989836e-04       3.085943294759e+02 
       2.210940257026e-04       3.328887459848e+02 
       2.384954154191e-04       3.580775075601e+02 
       2.566409204418e-04       3.842613445980e+02 
       2.756103311382e-04       4.115491109886e+02 
       2.954907599292e-04       4.400586184430e+02 
       3.163773396783e-04       4.699174473542e+02 
       3.383739161997e-04       5.012637016002e+02 
       3.615937054699e-04       5.342466621587e+02 
       3.861598746494e-04       5.690272790891e+02 
       4.122059921309e-04       6.057784160523e+02 
       4.398762757783e-04       6.446847519078e+02 
       4.693255511264e-04       6.859422031809e+02 
       5.007188142551e-04       7.297567367462e+02 
       5.342302801493e-04       7.763424027083e+02 
       5.700417908375e-04       8.259184380929e+02 
       6.083404640704e-04       8.787052955269e+02 
       6.493154893013e-04       9.349195213997e+02 
       6.931540295049e-04       9.947674686303e+02 
       7.400362688145e-04       1.058437985928e+03 
       7.901297556666e-04       1.126094358761e+03 
       8.435833195404e-04       1.197865974993e+03 
       9.005209670199e-04       1.273840333841e+03 
       9.610362618295e-04       1.354056134314e+03 
       1.025187732878e-03       1.438498191649e+03 
       1.092995810025e-03       1.527094779606e+03 
       1.164441652253e-03       1.619717844038e+03 
       1.239468023948e-03       1.716171639273e+03 
       1.317982131218e-03       1.816233725537e+03 
       1.365374112507e-03       1.876204399510e+03 
       1.399860102217e-03       1.919641860930e+03 
       1.484952629637e-03       2.026097347313e+03 
       1.573091217505e-03       2.135281205762e+03 
       1.664094490714e-03       2.246863728884e+03 
       1.757774114867e-03       2.360513534719e+03 
       1.853940004620e-03       2.475904961118e+03 
       1.952404638443e-03       2.592724121319e+03 
       2.052986422001e-03       2.710673296007e+03 
       2.155512137086e-03       2.829474033036e+03 
       2.259818574702e-03       2.948868542719e+03 
       2.365753482517e-03       3.068620515315e+03 
       2.473175965450e-03       3.188515125061e+03 
       2.581956471182e-03       3.308358229483e+03 
       2.691976476543e-03       3.427975336163e+03 
       2.803127971240e-03       3.547210608026e+03 
       2.915312815527e-03       3.665925514759e+03 
       3.028442030286e-03       3.783996646074e+03 
       3.142435062419e-03       3.901316291344e+03 
       3.257219055803e-03       4.017787524271e+03 
       3.372728148150e-03       4.133326899117e+03 
       3.488902806543e-03       4.247859834818e+03 
       3.605689208915e-03       4.361323213368e+03 
       3.723038674752e-03       4.473659747193e+03 
       3.840907145565e-03       4.584821268281e+03 
       3.959254713861e-03       4.694766037985e+03 
       4.078045198199e-03       4.803457833238e+03 
       4.197245761236e-03       4.910866912079e+03 
       4.316826567374e-03       5.016965920137e+03 
       4.436760476516e-03       5.121734869923e+03 
       4.557022770484e-03       5.225155182510e+03 
       4.677590908857e-03       5.327211483180e+03 
       4.798444311143e-03       5.427893480327e+03 
       4.919564162495e-03       5.527190728284e+03 
       5.040933240388e-03       5.625097668317e+03 
       5.162535759947e-03       5.721609289422e+03 
       5.284357235852e-03       5.816720657709e+03 
       5.406384358951e-03       5.910433785878e+03 
       5.528604885928e-03       6.002745915831e+03 
       5.651007540563e-03       6.093660148742e+03 
       5.773581925274e-03       6.183180123978e+03 
       5.896318441787e-03       6.271307507997e+03 
       6.019208219924e-03       6.358048051874e+03 
       6.142243053592e-03       6.443407559194e+03 
       6.265415343199e-03       6.527392142849e+03 
       6.388718043770e-03       6.610007179996e+03 
       6.512144618156e-03       6.691262311847e+03 
       6.635688994790e-03       6.771163832022e+03 
       6.759345529484e-03       6.849720557228e+03 
       6.883108970869e-03       6.926942513889e+03 
       7.006974429057e-03       7.002833917774e+03 
       7.130937347233e-03       7.077409870858e+03 
       7.254993475829e-03       7.150678280511e+03 
       7.379138849064e-03       7.222648128247e+03 
       7.503369763566e-03       7.293325304114e+03 
       7.627682758903e-03       7.362728284234e+03 
       7.752074599819e-03       7.430860104696e+03 
       7.876542260001e-03       7.497727924860e+03 
       8.001082907249e-03       7.563353281798e+03 
       8.125693889895e-03       7.627743344892e+03 
       8.250372724364e-03       7.690906714307e+03 
       8.375117083770e-03       7.752851734796e+03 
       8.499924787441e-03       7.813596496779e+03 
       8.624793791300e-03       7.873145169110e+03 
       8.749722179018e-03       7.931509317140e+03 
       8.874708153873e-03       7.988698618051e+03 
       8.999750031245e-03       8.044723978056e+03 
       9.124846231701e-03       8.099605254872e+03 
       9.249995274615e-03       8.153343110842e+03 
       9.375195772273e-03       8.205949758441e+03 
       9.500446424428e-03       8.257438120740e+03 
       9.625746013265e-03       8.307814331474e+03 
       9.751093398737e-03       8.357094759844e+03 
       9.876487514253e-03       8.405288413932e+03 
       1.000192736268e-02       8.452401758491e+03 
       1.012741201262e-02       8.498449725351e+03 
       1.025294059501e-02       8.543439962758e+03 
       1.037851229988e-02       8.587385812283e+03 
       1.050412637342e-02       8.630289261412e+03 
       1.062978211522e-02       8.672173008672e+03 
       1.075547887571e-02       8.713041817671e+03 
       1.088121605378e-02       8.752901132492e+03 
       1.100699309458e-02       8.791764674315e+03 
       1.113280948744e-02       8.829640898080e+03 
       1.125866476396e-02       8.866545031265e+03 
       1.138455849626e-02       8.902476562299e+03 
       1.151049029527e-02       8.937456369603e+03 
       1.163645980924e-02       8.971488320469e+03 
       1.176246672226e-02       9.004579632808e+03 
       1.188851075295e-02       9.036748704625e+03 
       1.201459165321e-02       9.067996800940e+03 
       1.214070920707e-02       9.098334829325e+03 
       1.226686322961e-02       9.127774359782e+03 
       1.239305356596e-02       9.156325746018e+03 
       1.251928009038e-02       9.183994289409e+03 
       1.264554270538e-02       9.210796104977e+03 
       1.277184134097e-02       9.236731232927e+03 
       1.289817595385e-02       9.261813708206e+03 
       1.302454652681e-02       9.286053564271e+03 
       1.315095306802e-02       9.309456351694e+03 
       1.327739561051e-02       9.332034964453e+03 
       1.340387421161e-02       9.353794204989e+03 
       1.353038895245e-02       9.374738635847e+03 
       1.365374112507e-02       9.394391672771e+03 
       1.365693993753e-02       9.394891095305e+03 
       1.378352729429e-02       9.414242857002e+03 
       1.391015117276e-02       9.432822205031e+03 
       1.403681174522e-02       9.450623186280e+03 
       1.416350920586e-02       9.467655035601e+03 
       1.429024377057e-02       9.483939516810e+03 
       1.441701567666e-02       9.499468057384e+03 
       1.454382518265e-02       9.514256901924e+03 
       1.467067256809e-02       9.528312453609e+03 
       1.479755813344e-02       9.541643415768e+03 
       1.492448219987e-02       9.554257947412e+03 
       1.505144510923e-02       9.566172068872e+03 
       1.517844722390e-02       9.577375184075e+03 
       1.530548892679e-02       9.587901117332e+03 
       1.543257062128e-02       9.597734446047e+03 
       1.555969273119e-02       9.606895080229e+03 
       1.568685570080e-02       9.615386263243e+03 
       1.581405999491e-02       9.623218029905e+03 
       1.594130609881e-02       9.630401410048e+03 
       1.606859451845e-02       9.636939195612e+03 
       1.619592578041e-02       9.642838506837e+03 
       1.632330043209e-02       9.648110444046e+03 
       1.645071904182e-02       9.652764310991e+03 
       1.657818219894e-02       9.656801460147e+03 
       1.670569051404e-02       9.660233043020e+03 
       1.683324461908e-02       9.663069035487e+03 
       1.696084516758e-02       9.665311306037e+03 
       1.708849283487e-02       9.666968175676e+03 
       1.721618831828e-02       9.668055688890e+03 
       1.734393233738e-02       9.668571139876e+03 
       1.747172563426e-02       9.668524355809e+03 
       1.759956897380e-02       9.667923170739e+03 
       1.772746314395e-02       9.666777759090e+03 
       1.785540895603e-02       9.665085452187e+03 
       1.798340724509e-02       9.662871727834e+03 
       1.811145887023e-02       9.660125254031e+03 
       1.823956471493e-02       9.656861521616e+03 
       1.836772568748e-02       9.653087623932e+03 
       1.849594272132e-02       9.648804833676e+03 
       1.862421677549e-02       9.644029858746e+03 
       1.875254883503e-02       9.638758450380e+03 
       1.888093991143e-02       9.633009590995e+03 
       1.900939104308e-02       9.626779370738e+03 
       1.913790329576e-02       9.620077553290e+03 
       1.926647776316e-02       9.612918009035e+03 
       1.939511556735e-02       9.605296988145e+03 
       1.952381785932e-02       9.597220890799e+03 
       1.965258581958e-02       9.588702372576e+03 
       1.978142065867e-02       9.579759830192e+03 
       1.991032361781e-02       9.570370512046e+03 
       2.003929596947e-02       9.560559059860e+03 
       2.016833901800e-02       9.550334106070e+03 
       2.029745410034e-02       9.539698022166e+03 
       2.042664258664e-02       9.528652611946e+03 
       2.055590588096e-02       9.517203289144e+03 
       2.068524542204e-02       9.505368568909e+03 
       2.081466268399e-02       9.493144208752e+03 
       2.094415917710e-02       9.480540218471e+03 
       2.107373644860e-02       9.467557310885e+03 
       2.120339608349e-02       9.454210637023e+03 
       2.133313970539e-02       9.440501437818e+03 
       2.146296897743e-02       9.426436073701e+03 
       2.159288560309e-02       9.412013570661e+03 
       2.172289132719e-02       9.397246486291e+03 
       2.185298793680e-02       9.382152725089e+03 
       2.198317726226e-02       9.366707913595e+03 
       2.211346117817e-02       9.350947239108e+03 
       2.224384160444e-02       9.334856134007e+03 
       2.237432050741e-02       9.318459419273e+03 
       2.250489990091e-02       9.301748772292e+03 
       2.263558184744e-02       9.284737017925e+03 
       2.276636845936e-02       9.267424205337e+03 
       2.289726190010e-02       9.249800048737e+03 
       2.302826438544e-02       9.231904250648e+03 
       2.315937818478e-02       9.213721387424e+03 
       2.329060562252e-02       9.195256202769e+03 
       2.342194907944e-02       9.176508161871e+03 
       2.355341099411e-02       9.157516900415e+03 
       2.368499386438e-02       9.138240999952e+03 
       2.381670024890e-02       9.118739853274e+03 
       2.394853276872e-02       9.099135404422e+03 
       2.408049410886e-02       9.078937667044e+03 
       2.421258702004e-02       9.058790079650e+03 
       2.434481432038e-02       9.038187229636e+03 
       2.447717889721e-02       9.017547418180e+03 
       2.460968370890e-02       8.996405390724e+03 
       2.474233178679e-02       8.975203203311e+03 
       2.487512623713e-02       8.953820722611e+03 
       2.500807024316e-02       8.932190065767e+03 
       2.514116706717e-02       8.910399445890e+03 
       2.527442005274e-02       8.888445867857e+03 
       2.540783262693e-02       8.866248330034e+03 
       2.554140830266e-02       8.843730637954e+03 
       2.567515068109e-02       8.821122559307e+03 
       2.580906345412e-02       8.798215526049e+03 
       2.594315040699e-02       8.775268571031e+03 
       2.607741542092e-02       8.752275001815e+03 
       2.621186247592e-02       8.728744914712e+03 
       2.634649565360e-02       8.705217838024e+03 
       2.648131914018e-02       8.681494229359e+03 
       2.661633722956e-02       8.657754923369e+03 
       2.675155432646e-02       8.633813082591e+03 
       2.688697494980e-02       8.609626751856e+03 
       2.702260373605e-02       8.585402577430e+03 
       2.715844544282e-02       8.560845669585e+03 
       2.729450495252e-02       8.536380454112e+03 
       2.743078727620e-02       8.511503877678e+03 
       2.756729755751e-02       8.486692240646e+03 
       2.770404107680e-02       8.461760087312e+03 
       2.784102325542e-02       8.436640252469e+03 
       2.797824966012e-02       8.411353461052e+03 
       2.811572600772e-02       8.385993027322e+03 
       2.825345816984e-02       8.360522053190e+03 
       2.839145217793e-02       8.334894427476e+03 
       2.852971422842e-02       8.309181025334e+03 
       2.866825068814e-02       8.283503799144e+03 
       2.880706809989e-02       8.257454976014e+03 
       2.894617318833e-02       8.231591396254e+03 
       2.908557286599e-02       8.205322031809e+03 
       2.922527423967e-02       8.179161086306e+03 
       2.936528461699e-02       8.152888463578e+03 
       2.950561151327e-02       8.126666839343e+03 
       2.964626265871e-02       8.100178290294e+03 
       2.978724600587e-02       8.073539991540e+03 
       2.992856973743e-02       8.046903982257e+03 
       3.007024227437e-02       8.020320806679e+03 
       3.021227228447e-02       7.993382839505e+03 
       3.035466869112e-02       7.966645955152e+03 
       3.049744068270e-02       7.939636650488e+03 
       3.064059772216e-02       7.912653079837e+03 
       3.078414955727e-02       7.885709404915e+03 
       3.092810623112e-02       7.858561321131e+03 
       3.107247809328e-02       7.831424187277e+03 
       3.121727581141e-02       7.804191383456e+03 
       3.136251038344e-02       7.777023792932e+03 
       3.150819315026e-02       7.749622917177e+03 
       3.165433580918e-02       7.722331647854e+03 
       3.180095042788e-02       7.694852540407e+03 
       3.194804945918e-02       7.667359886530e+03 
       3.209564575643e-02       7.639915542539e+03 
       3.224375258975e-02       7.612396723840e+03 
       3.239238366311e-02       7.584839546064e+03 
       3.254155313219e-02       7.557081667784e+03 
       3.269127562329e-02       7.529338363759e+03 
       3.284156625309e-02       7.501742080674e+03 
       3.299244064961e-02       7.474021888494e+03 
       3.314391497415e-02       7.446237722794e+03 
       3.329600594452e-02       7.418404712510e+03 
       3.344873085946e-02       7.390561535694e+03 
       3.360210762447e-02       7.362696413338e+03 
       3.375615477904e-02       7.334880125628e+03 
       3.391089152544e-02       7.307088861290e+03 
       3.406633775914e-02       7.279019575751e+03 
       3.422251410098e-02       7.251010687238e+03 
       3.437944193124e-02       7.223102669705e+03 
       3.453714342572e-02       7.195133589368e+03 
       3.469564159391e-02       7.167076889097e+03 
       3.485496031959e-02       7.139037906304e+03 
       3.501512440381e-02       7.110993028517e+03 
       3.517615961053e-02       7.082951520738e+03 
       3.533809271520e-02       7.054772095186e+03 
       3.550095155638e-02       7.026658409626e+03 
       3.566476509059e-02       6.998559172060e+03 
       3.582956345090e-02       6.970418110461e+03 
       3.599537800921e-02       6.942205040457e+03 
       3.616224144278e-02       6.914045938620e+03 
       3.633018780522e-02       6.885835019457e+03 
       3.649925260238e-02       6.857539811264e+03 
       3.666947287342e-02       6.829357524710e+03 
       3.684088727768e-02       6.801022492402e+03 
       3.701353618767e-02       6.772830874662e+03 
       3.718746178881e-02       6.744440016754e+03 
       3.736270818650e-02       6.716111819955e+03 
       3.753932152108e-02       6.687842565070e+03 
       3.771735009151e-02       6.659477421784e+03 
       3.789684448856e-02       6.631114143990e+03 
       3.807785773819e-02       6.602686695215e+03 
       3.826044545641e-02       6.574447576656e+03 
       3.844466601636e-02       6.545835741097e+03 
       3.863058072912e-02       6.517462594970e+03 
       3.881825403931e-02       6.488997786460e+03 
       3.900775373718e-02       6.460471317231e+03 
       3.919915118867e-02       6.431762536094e+03 
       3.939252158552e-02       6.403212783953e+03 
       3.958794421722e-02       6.374537953631e+03 
       3.978550276748e-02       6.345975906460e+03 
       3.998528563753e-02       6.317238011005e+03 
       4.018738629947e-02       6.288512079252e+03 
       4.039190368285e-02       6.259811933850e+03 
       4.059894259839e-02       6.230871541016e+03 
       4.080861420303e-02       6.201956363472e+03 
       4.102103651135e-02       6.173078609780e+03 
       4.123633495873e-02       6.144073179442e+03 
       4.145464302275e-02       6.114987433986e+03 
       4.167610291004e-02       6.085855922877e+03 
       4.190086631689e-02       6.056608097601e+03 
       4.212909527328e-02       6.027346238498e+03 
       4.236096308119e-02       5.998015309611e+03 
       4.259665536020e-02       5.968526431855e+03 
       4.283637121485e-02       5.938998520743e+03 
       4.308032454123e-02       5.909389986036e+03 
       4.332874549257e-02       5.879613823150e+03 
       4.358188212733e-02       5.849693027184e+03 
       4.384000226720e-02       5.819808417915e+03 
       4.410339559722e-02       5.789657128161e+03 
       4.437237604613e-02       5.759467424008e+03 
       4.464728449199e-02       5.728984376444e+03 
       4.492849184662e-02       5.698382474577e+03 
       4.521640258286e-02       5.667626428707e+03 
       4.551145878105e-02       5.636710219251e+03 
       4.581414478669e-02       5.605637471659e+03 
       4.612499259042e-02       5.574196086767e+03 
       4.644458806457e-02       5.542619180572e+03 
       4.677357822008e-02       5.510803630869e+03 
       4.711267968374e-02       5.478721800054e+03 
       4.746268864115e-02       5.446170666023e+03 
       4.782449254793e-02       5.413461884902e+03 
       4.819908398384e-02       5.380469063011e+03 
       4.858757711544e-02       5.346969750404e+03 
       4.899122734876e-02       5.313011265903e+03 
       4.941145490069e-02       5.278762335228e+03 
       4.984987320553e-02       5.244013642973e+03 
       5.030832331237e-02       5.208639305706e+03 
       5.078891573332e-02       5.172604622653e+03 
       5.129408158764e-02       5.135938181896e+03 
       5.182663536882e-02       5.098598528808e+03 
       5.238985225398e-02       5.060193035945e+03 
       5.298756357876e-02       5.021087124521e+03 
       5.362427488643e-02       4.980734431806e+03 
       5.430531172732e-02       4.938962671626e+03 
       5.503699888707e-02       4.895914791861e+03 
       5.582687841361e-02       4.850835658074e+03 
       5.668396957533e-02       4.803942746221e+03 
       5.761906753035e-02       4.754392215402e+03 
       5.864506299435e-02       4.701603127232e+03 
       5.977723569834e-02       4.644826722351e+03 
       6.103341976173e-02       4.583004262667e+03 
       6.243384855685e-02       4.514695283408e+03 
       6.400036196696e-02       4.438037554585e+03 
       6.575454963443e-02       4.350633585973e+03 
       6.771446641855e-02       4.249749284025e+03 
       6.989006944543e-02       4.132452749637e+03 
       7.227864884879e-02       3.996520803951e+03 
       7.486267277108e-02       3.841186769716e+03 
       7.761212150076e-02       3.668065294602e+03 
       8.049081394618e-02       3.481413889654e+03 
       8.346354658450e-02       3.287517747825e+03 
       8.650089508571e-02       3.093553725892e+03 
       8.958079831471e-02       2.906902961566e+03 
       9.268791548944e-02       2.733329418098e+03 
       9.581210192839e-02       2.577230294034e+03 
       9.894686368717e-02       2.440992793610e+03 
       1.020881283099e-01       2.325299930320e+03 
       1.052333742697e-01       2.229158182436e+03 
       1.083810524625e-01       2.150398526854e+03 
       1.115302156473e-01       2.085814593906e+03 
       1.146802861836e-01       2.031742872422e+03 
       1.178309123281e-01       1.984219288333e+03 
       1.209818800150e-01       1.939544235187e+03 
       1.241330589507e-01       1.894407996764e+03 
       1.272843697688e-01       1.846212943125e+03 
       1.304357640513e-01       1.793384792559e+03 
       1.335872121867e-01       1.735287946950e+03 
       1.365374112507e-01       1.676402509844e+03 
       1.367386959966e-01       1.672239699157e+03 
       1.398902042570e-01       1.605400636409e+03 
       1.430417299799e-01       1.536440083105e+03 
       1.461932687616e-01       1.467348755471e+03 
       1.493448177797e-01       1.400111177084e+03 
       1.524963751828e-01       1.336653073236e+03 
       1.556479397195e-01       1.278318618336e+03 
       1.587995105124e-01       1.226110642418e+03 
       1.619510869195e-01       1.180465882597e+03 
       1.651026684502e-01       1.141314892612e+03 
       1.682542547128e-01       1.108193661788e+03 
       1.714058453823e-01       1.080248492443e+03 
       1.745574401805e-01       1.056496096969e+03 
       1.777090388630e-01       1.035759679175e+03 
       1.808606412112e-01       1.016594218822e+03 
       1.840122470266e-01       9.978883506137e+02 
       1.871638561277e-01       9.785300018036e+02 
       1.903154683466e-01       9.577974091550e+02 
       1.934670835279e-01       9.353137467742e+02 
       1.966187015269e-01       9.110177617015e+02 
       1.997703222084e-01       8.850551806289e+02 
       2.029219454462e-01       8.579143103719e+02 
       2.060735711216e-01       8.301180725974e+02 
       2.092251991237e-01       8.022704226629e+02 
       2.123768293480e-01       7.750404642465e+02 
       2.155284616962e-01       7.489767991518e+02 
       2.186800960758e-01       7.245965995701e+02 
       2.218317323996e-01       7.022600640906e+02 
       2.249833705854e-01       6.821646805871e+02 
       2.281350105553e-01       6.643382567631e+02 
       2.312866522360e-01       6.486514576460e+02 
       2.344382955581e-01       6.347978807047e+02 
       2.375899404557e-01       6.224382323126e+02 
       2.407415868666e-01       6.112014953901e+02 
       2.438932347317e-01       6.006035609163e+02 
       2.470448839951e-01       5.903367816330e+02 
       2.501965346035e-01       5.799992910206e+02 
       2.533481865065e-01       5.693260165458e+02 
       2.564998396561e-01       5.582001732655e+02 
       2.596514940065e-01       5.464815548840e+02 
       2.628031495144e-01       5.342015831370e+02 
       2.659548061382e-01       5.214951740103e+02 
       2.691064638387e-01       5.085347534656e+02 
       2.722581225782e-01       4.955620555570e+02 
       2.754097823208e-01       4.827913183074e+02 
       2.785614430322e-01       4.704311737804e+02 
       2.817131046799e-01       4.586562307140e+02 
       2.848647672325e-01       4.475791601460e+02 
       2.880164306601e-01       4.372671034470e+02 
       2.911680949343e-01       4.277921864873e+02 
       2.943197600276e-01       4.190859372228e+02 
       2.974714259139e-01       4.110973038691e+02 
       3.006230925681e-01       4.037241754946e+02 
       3.037747599662e-01       3.968263459144e+02 
       3.069264280852e-01       3.902795156560e+02 
       3.100780969029e-01       3.839387677568e+02 
       3.132297663982e-01       3.776493006088e+02 
       3.163814365508e-01       3.713710262066e+02 
       3.195331073410e-01       3.649947228801e+02 
       3.226847787501e-01       3.585036452844e+02 
       3.258364507601e-01       3.518831601074e+02 
       3.289881233535e-01       3.451653741777e+02 
       3.321397965138e-01       3.383802220030e+02 
       3.352914702249e-01       3.315838556634e+02 
       3.384431444713e-01       3.248744941539e+02 
       3.415948192380e-01       3.182906133756e+02 
       3.447464945109e-01       3.119071941128e+02 
       3.478981702760e-01       3.057841203984e+02 
       3.510498465201e-01       2.999612093951e+02 
       3.542015232302e-01       2.944512880023e+02 
       3.573532003941e-01       2.892248074687e+02 
       3.605048779998e-01       2.842987795251e+02 
       3.636565560356e-01       2.796143281791e+02 
       3.668082344906e-01       2.751493290917e+02 
       3.699599133539e-01       2.708655368325e+02 
       3.731115926152e-01       2.667178273388e+02 
       3.762632722643e-01       2.626633280306e+02 
       3.794149522917e-01       2.586561639116e+02 
       3.825666326879e-01       2.546906527934e+02 
       3.857183134438e-01       2.507206417518e+02 
       3.888699945507e-01       2.467552814169e+02 
       3.920216760000e-01       2.427807598588e+02 
       3.951733577835e-01       2.388227765152e+02 
       3.983250398933e-01       2.348941649192e+02 
       4.014767223217e-01       2.309849003606e+02 
       4.046284050611e-01       2.271420943044e+02 
       4.077800881044e-01       2.233716366690e+02 
       4.109317714445e-01       2.196893165886e+02 
       4.140834550746e-01       2.161068488465e+02 
       4.172351389881e-01       2.126589203589e+02 
       4.203868231787e-01       2.093334862461e+02 
       4.235385076401e-01       2.061265141018e+02 
       4.266901923662e-01       2.030568008970e+02 
       4.298418773513e-01       2.000879693980e+02 
       4.329935625897e-01       1.972129628606e+02 
       4.361452480758e-01       1.944337987901e+02 
       4.392969338044e-01       1.917131543522e+02 
       4.424486197701e-01       1.890506096339e+02 
       4.456003059680e-01       1.864301901995e+02 
       4.487519923932e-01       1.838395335490e+02 
       4.519036790409e-01       1.812732438925e+02 
       4.550553659063e-01       1.787239097509e+02 
       4.582070529852e-01       1.761905856656e+02 
       4.613587402729e-01       1.736775864202e+02 
       4.645104277653e-01       1.711897302904e+02 
       4.676621154583e-01       1.687368615775e+02 
       4.708138033477e-01       1.663249694758e+02 
       4.739654914297e-01       1.639586972059e+02 
       4.771171797004e-01       1.616457278489e+02 
       4.802688681561e-01       1.593889836920e+02 
       4.834205567932e-01       1.571877318273e+02 
       4.865722456081e-01       1.550455955866e+02 
       4.897239345974e-01       1.529624349028e+02 
       4.928756237577e-01       1.509362301722e+02 
       4.960273130858e-01       1.489628430012e+02 
       4.991790025784e-01       1.470364271019e+02 
       5.023306922326e-01       1.451495359101e+02 
       5.054823820451e-01       1.432987763900e+02 
       5.086340720131e-01       1.414796137680e+02 
       5.117857621337e-01       1.396867706178e+02 
       5.149374524042e-01       1.379194309031e+02 
       5.180891428216e-01       1.361768385619e+02 
       5.212408333834e-01       1.344571626836e+02 
       5.243925240870e-01       1.327590631654e+02 
       5.275442149298e-01       1.310819376390e+02 
       5.306959059094e-01       1.294264190385e+02 
       5.338475970232e-01       1.277942800724e+02 
       5.369992882689e-01       1.261876810968e+02 
       5.401509796443e-01       1.246045113140e+02 
       5.433026711470e-01       1.230594523650e+02 
       5.464543627748e-01       1.215410332090e+02 
       5.496060545256e-01       1.200537861881e+02 
       5.527577463973e-01       1.185951692634e+02 
       5.559094383878e-01       1.171654782367e+02 
       5.590611304951e-01       1.157644231297e+02 
       5.622128227172e-01       1.143906343563e+02 
       5.653645150522e-01       1.130454030210e+02 
       5.685162074982e-01       1.117254870104e+02 
       5.968567095013e-01       1.007137220765e+02 
       6.292366042054e-01       8.983075999759e+01 
       6.672323440491e-01       7.910134271802e+01 
       7.135027653463e-01       6.829735737088e+01 
       7.729064154028e-01       5.723758720839e+01 
       8.551354834100e-01       4.567317135704e+01 
       9.805125565127e-01       3.352155140163e+01 
       1.183883298711e+00       2.174008158266e+01 
       1.365374112507e+00       1.558766842418e+01 
       1.481729156680e+00       1.285753174577e+01 
       1.865079177292e+00       7.430396662987e+00 
       2.347993288388e+00       4.254015528142e+00 
       2.955948414703e+00       2.415700769030e+00 
       3.721318575222e+00       1.361719423662e+00 
       4.684862519729e+00       7.625012853654e-01 
       5.897892476849e+00       4.243881688491e-01 
       7.425006715135e+00       2.348843262339e-01 
       9.347529636426e+00       1.293370095134e-01 
       1.176784259680e+01       7.088475338761e-02 
       1.481483608710e+01       3.867975665737e-02 
       1.865077362162e+01       2.102094044003e-02 
       2.347993286187e+01       1.138083333249e-02 
       2.955948414703e+01       6.139434644755e-03 
       3.721318575222e+01       3.300290428723e-03 
       4.684862519729e+01       1.767935296834e-03 
       5.897892476849e+01       9.436467147024e-04 
