# Matter power spectrum P(k) at redshift z=1
# for k=1.04952e-05 to 58.9789 h/Mpc,
# number of wavenumbers equal to 575
#    1:k (h/Mpc)              2:P (Mpc/h)^3        
       1.049521996540e-05       1.732786632866e+01 
       2.312703140351e-05       3.719147243462e+01 
       3.580220203963e-05       5.674223264006e+01 
       4.855352787053e-05       7.617311538018e+01 
       6.141433211936e-05       9.559596434150e+01 
       7.441875102904e-05       1.150955420271e+02 
       8.760202852808e-05       1.347448567157e+02 
       1.010008235465e-04       1.546114841340e+02 
       1.146535337898e-04       1.747608186189e+02 
       1.286006398104e-04       1.952580517210e+02 
       1.428850732267e-04       2.161695536014e+02 
       1.575526129020e-04       2.375639491369e+02 
       1.726523127585e-04       2.595130416116e+02 
       1.882369646229e-04       2.820926564066e+02 
       2.043635989836e-04       3.053834546587e+02 
       2.210940257026e-04       3.294717372684e+02 
       2.384954154191e-04       3.544502570515e+02 
       2.566409204418e-04       3.804190412193e+02 
       2.756103311382e-04       4.074862234106e+02 
       2.954907599292e-04       4.357688728946e+02 
       3.163773396783e-04       4.653938017947e+02 
       3.383739161997e-04       4.964983174358e+02 
       3.615937054699e-04       5.292308758189e+02 
       3.861598746494e-04       5.637515741913e+02 
       4.122059921309e-04       6.002323995768e+02 
       4.398762757783e-04       6.388571364695e+02 
       4.693255511264e-04       6.798207994329e+02 
       5.007188142551e-04       7.233284597298e+02 
       5.342302801493e-04       7.695932965860e+02 
       5.700417908375e-04       8.188337247752e+02 
       6.083404640704e-04       8.712694519347e+02 
       6.493154893013e-04       9.271163904690e+02 
       6.931540295049e-04       9.865804075937e+02 
       7.400362688145e-04       1.049850054075e+03 
       7.901297556666e-04       1.117088545144e+03 
       8.435833195405e-04       1.188425459457e+03 
       9.005209670199e-04       1.263948778480e+03 
       9.610362618295e-04       1.343697991754e+03 
       1.025187732878e-03       1.427659009629e+03 
       1.092995810025e-03       1.515761499832e+03 
       1.164441652253e-03       1.607879065661e+03 
       1.239468023948e-03       1.703817942936e+03 
       1.317982131218e-03       1.803357681857e+03 
       1.365374112507e-03       1.863020863875e+03 
       1.399860102217e-03       1.906238138364e+03 
       1.484952629637e-03       2.012162790298e+03 
       1.573091217505e-03       2.120814692599e+03 
       1.664094490714e-03       2.231866420814e+03 
       1.757774114867e-03       2.344988217247e+03 
       1.853940004620e-03       2.459856245795e+03 
       1.952404638443e-03       2.576158098736e+03 
       2.052986422001e-03       2.693597334185e+03 
       2.155512137086e-03       2.811896568007e+03 
       2.259818574702e-03       2.930798819115e+03 
       2.365753482517e-03       3.050068815575e+03 
       2.473175965450e-03       3.169491619876e+03 
       2.581956471182e-03       3.288874355540e+03 
       2.691976476543e-03       3.408042434705e+03 
       2.803127971240e-03       3.526840327255e+03 
       2.915312815527e-03       3.645129898400e+03 
       3.028442030286e-03       3.762787900532e+03 
       3.142435062419e-03       3.879706791166e+03 
       3.257219055803e-03       3.995789769894e+03 
       3.372728148150e-03       4.110953447480e+03 
       3.488902806543e-03       4.225123246653e+03 
       3.605689208915e-03       4.338235985198e+03 
       3.723038674752e-03       4.450234223832e+03 
       3.840907145565e-03       4.561069624510e+03 
       3.959254713861e-03       4.670700171908e+03 
       4.078045198199e-03       4.779089333229e+03 
       4.197245761236e-03       4.886207181109e+03 
       4.316826567374e-03       4.992025981460e+03 
       4.436760476516e-03       5.096525442913e+03 
       4.557022770484e-03       5.199686999090e+03 
       4.677590908857e-03       5.301494127841e+03 
       4.798444311143e-03       5.401937431389e+03 
       4.919564162495e-03       5.501005879665e+03 
       5.040933240388e-03       5.598693770503e+03 
       5.162535759947e-03       5.694996113614e+03 
       5.284357235852e-03       5.789907418672e+03 
       5.406384358951e-03       5.883430187417e+03 
       5.528604885928e-03       5.975560678106e+03 
       5.651007540563e-03       6.066302159638e+03 
       5.773581925274e-03       6.155658168282e+03 
       5.896318441787e-03       6.243630125570e+03 
       6.019208219924e-03       6.330222811914e+03 
       6.142243053592e-03       6.415443166199e+03 
       6.265415343199e-03       6.499295372180e+03 
       6.388718043770e-03       6.581785371401e+03 
       6.512144618156e-03       6.662922821142e+03 
       6.635688994790e-03       6.742713615255e+03 
       6.759345529484e-03       6.821166434598e+03 
       6.883108970869e-03       6.898291162129e+03 
       7.006974429057e-03       6.974092503776e+03 
       7.130937347233e-03       7.048584300928e+03 
       7.254993475829e-03       7.121774809826e+03 
       7.379138849064e-03       7.193673533382e+03 
       7.503369763566e-03       7.264285273827e+03 
       7.627682758903e-03       7.333629194108e+03 
       7.752074599819e-03       7.401706481154e+03 
       7.876542260001e-03       7.468527163245e+03 
       8.001082907249e-03       7.534108438995e+03 
       8.125693889895e-03       7.598461936562e+03 
       8.250372724364e-03       7.661593505432e+03 
       8.375117083770e-03       7.723511178226e+03 
       8.499924787441e-03       7.784232825460e+03 
       8.624793791300e-03       7.843762940306e+03 
       8.749722179018e-03       7.902113596797e+03 
       8.874708153873e-03       7.959293912000e+03 
       8.999750031245e-03       8.015314080450e+03 
       9.124846231701e-03       8.070194809270e+03 
       9.249995274615e-03       8.123936106784e+03 
       9.375195772273e-03       8.176550474784e+03 
       9.500446424428e-03       8.228052211442e+03 
       9.625746013265e-03       8.278443988811e+03 
       9.751093398737e-03       8.327743562171e+03 
       9.876487514253e-03       8.375961307816e+03 
       1.000192736268e-02       8.423103320306e+03 
       1.012741201262e-02       8.469180910563e+03 
       1.025294059501e-02       8.514203291596e+03 
       1.037851229988e-02       8.558187996017e+03 
       1.050412637342e-02       8.601131895623e+03 
       1.062978211522e-02       8.643057980119e+03 
       1.075547887571e-02       8.683969110914e+03 
       1.088121605378e-02       8.723878704675e+03 
       1.100699309458e-02       8.762797210552e+03 
       1.113280948744e-02       8.800728443366e+03 
       1.125866476396e-02       8.837689978569e+03 
       1.138455849626e-02       8.873684881935e+03 
       1.151049029527e-02       8.908725894735e+03 
       1.163645980924e-02       8.942825292782e+03 
       1.176246672226e-02       8.975987904217e+03 
       1.188851075295e-02       9.008227135586e+03 
       1.201459165321e-02       9.039548890877e+03 
       1.214070920707e-02       9.069963690319e+03 
       1.226686322961e-02       9.099478917019e+03 
       1.239305356596e-02       9.128111703694e+03 
       1.251928009038e-02       9.155864403076e+03 
       1.264554270538e-02       9.182743589288e+03 
       1.277184134097e-02       9.208761763670e+03 
       1.289817595385e-02       9.233929371259e+03 
       1.302454652681e-02       9.258255602011e+03 
       1.315095306802e-02       9.281748179595e+03 
       1.327739561051e-02       9.304421188605e+03 
       1.340387421161e-02       9.326276319503e+03 
       1.353038895245e-02       9.347318682624e+03 
       1.365374112507e-02       9.367068823869e+03 
       1.365693993753e-02       9.367570583762e+03 
       1.378352729429e-02       9.387028866621e+03 
       1.391015117276e-02       9.405702748993e+03 
       1.403681174522e-02       9.423608875769e+03 
       1.416350920586e-02       9.440749505354e+03 
       1.429024377057e-02       9.457131943687e+03 
       1.441701567666e-02       9.472764131732e+03 
       1.454382518265e-02       9.487665045598e+03 
       1.467067256809e-02       9.501830871692e+03 
       1.479755813344e-02       9.515272230247e+03 
       1.492448219987e-02       9.528001112626e+03 
       1.505144510923e-02       9.540019740948e+03 
       1.517844722390e-02       9.551346194867e+03 
       1.530548892679e-02       9.561982160312e+03 
       1.543257062128e-02       9.571932807378e+03 
       1.555969273119e-02       9.581211209398e+03 
       1.568685570080e-02       9.589818496029e+03 
       1.581405999491e-02       9.597766759366e+03 
       1.594130609881e-02       9.605069465743e+03 
       1.606859451845e-02       9.611727637783e+03 
       1.619592578041e-02       9.617748174236e+03 
       1.632330043209e-02       9.623143264740e+03 
       1.645071904182e-02       9.627920197325e+03 
       1.657818219894e-02       9.632077013689e+03 
       1.670569051404e-02       9.635640173647e+03 
       1.683324461908e-02       9.638598115356e+03 
       1.696084516758e-02       9.640965517585e+03 
       1.708849283487e-02       9.642751964068e+03 
       1.721618831828e-02       9.643962266181e+03 
       1.734393233738e-02       9.644601935604e+03 
       1.747172563426e-02       9.644688241049e+03 
       1.759956897380e-02       9.644216107880e+03 
       1.772746314395e-02       9.643195710118e+03 
       1.785540895603e-02       9.641638649093e+03 
       1.798340724509e-02       9.639548305011e+03 
       1.811145887023e-02       9.636929757694e+03 
       1.823956471493e-02       9.633798629266e+03 
       1.836772568748e-02       9.630155080563e+03 
       1.849594272132e-02       9.626004100074e+03 
       1.862421677549e-02       9.621360818604e+03 
       1.875254883503e-02       9.616220789847e+03 
       1.888093991143e-02       9.610599888804e+03 
       1.900939104308e-02       9.604501623435e+03 
       1.913790329576e-02       9.597926883333e+03 
       1.926647776316e-02       9.590905473105e+03 
       1.939511556735e-02       9.583414255484e+03 
       1.952381785932e-02       9.575472022207e+03 
       1.965258581958e-02       9.567093053896e+03 
       1.978142065867e-02       9.558274736666e+03 
       1.991032361781e-02       9.549020129797e+03 
       2.003929596947e-02       9.539342213307e+03 
       2.016833901800e-02       9.529247691176e+03 
       2.029745410034e-02       9.518746659688e+03 
       2.042664258664e-02       9.507821516705e+03 
       2.055590588096e-02       9.496524472318e+03 
       2.068524542204e-02       9.484812856362e+03 
       2.081466268399e-02       9.472724041243e+03 
       2.094415917710e-02       9.460249535195e+03 
       2.107373644860e-02       9.447402380055e+03 
       2.120339608349e-02       9.434188882383e+03 
       2.133313970539e-02       9.420611761991e+03 
       2.146296897743e-02       9.406670262668e+03 
       2.159288560309e-02       9.392387035875e+03 
       2.172289132719e-02       9.377766555409e+03 
       2.185298793680e-02       9.362789860089e+03 
       2.198317726226e-02       9.347481593745e+03 
       2.211346117817e-02       9.331846349368e+03 
       2.224384160444e-02       9.315889240659e+03 
       2.237432050741e-02       9.299627205932e+03 
       2.250489990091e-02       9.283044182102e+03 
       2.263558184744e-02       9.266162094726e+03 
       2.276636845936e-02       9.248965215683e+03 
       2.289726190010e-02       9.231499256665e+03 
       2.302826438544e-02       9.213719927049e+03 
       2.315937818478e-02       9.195660454217e+03 
       2.329060562252e-02       9.177328882101e+03 
       2.342194907944e-02       9.158713987531e+03 
       2.355341099411e-02       9.139851163950e+03 
       2.368499386438e-02       9.120695925441e+03 
       2.381670024890e-02       9.101357696816e+03 
       2.394853276872e-02       9.081848217635e+03 
       2.408049410886e-02       9.061789971441e+03 
       2.421258702004e-02       9.041647931972e+03 
       2.434481432038e-02       9.021236882967e+03 
       2.447717889721e-02       9.000595733039e+03 
       2.460968370890e-02       8.979746390544e+03 
       2.474233178679e-02       8.958703636073e+03 
       2.487512623713e-02       8.937436599771e+03 
       2.500807024316e-02       8.915912706493e+03 
       2.514116706717e-02       8.894310516021e+03 
       2.527442005274e-02       8.872432270590e+03 
       2.540783262693e-02       8.850314358744e+03 
       2.554140830266e-02       8.828068189040e+03 
       2.567515068109e-02       8.805418716653e+03 
       2.580906345412e-02       8.782728712650e+03 
       2.594315040699e-02       8.759859183497e+03 
       2.607741542092e-02       8.736791203745e+03 
       2.621186247592e-02       8.713603985147e+03 
       2.634649565360e-02       8.690213348097e+03 
       2.648131914018e-02       8.666674960479e+03 
       2.661633722956e-02       8.642980448567e+03 
       2.675155432646e-02       8.619185743903e+03 
       2.688697494980e-02       8.595024834347e+03 
       2.702260373605e-02       8.570860241211e+03 
       2.715844544282e-02       8.546545101579e+03 
       2.729450495252e-02       8.522070777928e+03 
       2.743078727620e-02       8.497473949759e+03 
       2.756729755751e-02       8.472730802852e+03 
       2.770404107680e-02       8.447857647362e+03 
       2.784102325542e-02       8.422863065936e+03 
       2.797824966012e-02       8.397715043365e+03 
       2.811572600772e-02       8.372495402800e+03 
       2.825345816984e-02       8.347130714754e+03 
       2.839145217793e-02       8.321601837016e+03 
       2.852971422842e-02       8.296026669805e+03 
       2.866825068814e-02       8.270322682267e+03 
       2.880706809989e-02       8.244564558842e+03 
       2.894617318833e-02       8.218658155753e+03 
       2.908557286599e-02       8.192689565710e+03 
       2.922527423967e-02       8.166566948948e+03 
       2.936528461699e-02       8.140399784555e+03 
       2.950561151327e-02       8.114193596539e+03 
       2.964626265871e-02       8.087768287455e+03 
       2.978724600587e-02       8.061422779080e+03 
       2.992856973743e-02       8.034836454716e+03 
       3.007024227437e-02       8.008244653769e+03 
       3.021227228447e-02       7.981576381610e+03 
       3.035466869112e-02       7.954883916171e+03 
       3.049744068270e-02       7.928069327188e+03 
       3.064059772216e-02       7.901172389108e+03 
       3.078414955727e-02       7.874353724269e+03 
       3.092810623112e-02       7.847283883383e+03 
       3.107247809328e-02       7.820266610768e+03 
       3.121727581141e-02       7.793059875088e+03 
       3.136251038344e-02       7.765888008856e+03 
       3.150819315026e-02       7.738729191659e+03 
       3.165433580918e-02       7.711486407722e+03 
       3.180095042788e-02       7.684109461103e+03 
       3.194804945918e-02       7.656763049581e+03 
       3.209564575643e-02       7.629357939223e+03 
       3.224375258975e-02       7.601904231138e+03 
       3.239238366311e-02       7.574428166112e+03 
       3.254155313219e-02       7.546918642033e+03 
       3.269127562329e-02       7.519331367902e+03 
       3.284156625309e-02       7.491777228428e+03 
       3.299244064961e-02       7.464124022131e+03 
       3.314391497415e-02       7.436428772653e+03 
       3.329600594452e-02       7.408729889058e+03 
       3.344873085946e-02       7.380939289362e+03 
       3.360210762447e-02       7.353262867222e+03 
       3.375615477904e-02       7.325433856746e+03 
       3.391089152544e-02       7.297628523539e+03 
       3.406633775914e-02       7.269811830933e+03 
       3.422251410098e-02       7.241879899648e+03 
       3.437944193124e-02       7.213989789245e+03 
       3.453714342572e-02       7.186183890857e+03 
       3.469564159391e-02       7.158161487724e+03 
       3.485496031959e-02       7.130205896643e+03 
       3.501512440381e-02       7.102272054534e+03 
       3.517615961053e-02       7.074261683422e+03 
       3.533809271520e-02       7.046288877040e+03 
       3.550095155638e-02       7.018253356505e+03 
       3.566476509059e-02       6.990194846557e+03 
       3.582956345090e-02       6.962130302234e+03 
       3.599537800921e-02       6.934115827288e+03 
       3.616224144278e-02       6.905984846878e+03 
       3.633018780522e-02       6.877856169303e+03 
       3.649925260238e-02       6.849719611212e+03 
       3.666947287342e-02       6.821640163819e+03 
       3.684088727768e-02       6.793393332896e+03 
       3.701353618767e-02       6.765252592533e+03 
       3.718746178881e-02       6.737147385187e+03 
       3.736270818650e-02       6.708774245555e+03 
       3.753932152108e-02       6.680500326115e+03 
       3.771735009151e-02       6.652284426209e+03 
       3.789684448856e-02       6.623961999512e+03 
       3.807785773819e-02       6.595688105881e+03 
       3.826044545641e-02       6.567454336367e+03 
       3.844466601636e-02       6.539096206094e+03 
       3.863058072912e-02       6.510633675755e+03 
       3.881825403931e-02       6.482194054557e+03 
       3.900775373718e-02       6.453790595789e+03 
       3.919915118867e-02       6.425310214378e+03 
       3.939252158552e-02       6.396877745004e+03 
       3.958794421722e-02       6.368241307437e+03 
       3.978550276748e-02       6.339637663275e+03 
       3.998528563753e-02       6.311031131708e+03 
       4.018738629947e-02       6.282409684545e+03 
       4.039190368285e-02       6.253761684782e+03 
       4.059894259839e-02       6.225037166623e+03 
       4.080861420303e-02       6.196213946865e+03 
       4.102103651135e-02       6.167280603387e+03 
       4.123633495873e-02       6.138437150688e+03 
       4.145464302275e-02       6.109360237139e+03 
       4.167610291004e-02       6.080320836233e+03 
       4.190086631689e-02       6.051300340428e+03 
       4.212909527328e-02       6.022051565975e+03 
       4.236096308119e-02       5.992870017504e+03 
       4.259665536020e-02       5.963427507161e+03 
       4.283637121485e-02       5.933902465147e+03 
       4.308032454123e-02       5.904428752382e+03 
       4.332874549257e-02       5.874721219165e+03 
       4.358188212733e-02       5.844917381637e+03 
       4.384000226720e-02       5.815061762119e+03 
       4.410339559722e-02       5.784998211262e+03 
       4.437237604613e-02       5.754773848923e+03 
       4.464728449199e-02       5.724465341794e+03 
       4.492849184662e-02       5.693936286991e+03 
       4.521640258286e-02       5.663285024115e+03 
       4.551145878105e-02       5.632488086104e+03 
       4.581414478669e-02       5.601467637815e+03 
       4.612499259042e-02       5.570141233179e+03 
       4.644458806457e-02       5.538659141994e+03 
       4.677357822008e-02       5.506853484966e+03 
       4.711267968374e-02       5.474844905914e+03 
       4.746268864115e-02       5.442625077836e+03 
       4.782449254793e-02       5.409884863963e+03 
       4.819908398384e-02       5.376984548538e+03 
       4.858757711544e-02       5.343531923043e+03 
       4.899122734876e-02       5.309811754099e+03 
       4.941145490069e-02       5.275591933115e+03 
       4.984987320553e-02       5.240845392168e+03 
       5.030832331237e-02       5.205602108949e+03 
       5.078891573332e-02       5.169742451230e+03 
       5.129408158764e-02       5.133146760285e+03 
       5.182663536882e-02       5.095858623672e+03 
       5.238985225398e-02       5.057741230481e+03 
       5.298756357877e-02       5.018647528527e+03 
       5.362427488643e-02       4.978408238285e+03 
       5.430531172732e-02       4.936946149780e+03 
       5.503699888707e-02       4.893903139396e+03 
       5.582687841361e-02       4.849219333796e+03 
       5.668396957533e-02       4.802291188701e+03 
       5.761906753035e-02       4.752861444039e+03 
       5.864506299435e-02       4.700214604842e+03 
       5.977723569834e-02       4.643612476461e+03 
       6.103341976173e-02       4.581984230661e+03 
       6.243384855685e-02       4.513900529502e+03 
       6.400036196696e-02       4.437445730988e+03 
       6.575454963443e-02       4.350282206187e+03 
       6.771446641855e-02       4.249593274080e+03 
       6.989006944543e-02       4.132567833542e+03 
       7.227864884879e-02       3.996871018806e+03 
       7.486267277108e-02       3.841759877449e+03 
       7.761212150076e-02       3.668868823877e+03 
       8.049081394618e-02       3.482397941225e+03 
       8.346354658450e-02       3.288564404502e+03 
       8.650089508571e-02       3.094941623191e+03 
       8.958079831471e-02       2.908283105554e+03 
       9.268791548944e-02       2.734819137083e+03 
       9.581210192839e-02       2.578779051272e+03 
       9.894686368717e-02       2.442604883658e+03 
       1.020881283099e-01       2.326935982443e+03 
       1.052333742697e-01       2.230870608595e+03 
       1.083810524625e-01       2.152169203433e+03 
       1.115302156473e-01       2.087617103537e+03 
       1.146802861836e-01       2.033592405881e+03 
       1.178309123281e-01       1.986151650444e+03 
       1.209818800150e-01       1.941522167346e+03 
       1.241330589507e-01       1.896404265539e+03 
       1.272843697688e-01       1.848264428365e+03 
       1.304357640513e-01       1.795453757572e+03 
       1.335872121867e-01       1.737358139598e+03 
       1.365374112507e-01       1.678469262198e+03 
       1.367386959966e-01       1.674304387710e+03 
       1.398902042570e-01       1.607439254503e+03 
       1.430417299799e-01       1.538451467061e+03 
       1.461932687616e-01       1.469327881049e+03 
       1.493448177797e-01       1.402097731172e+03 
       1.524963751828e-01       1.338582557404e+03 
       1.556479397195e-01       1.280198838030e+03 
       1.587995105124e-01       1.227953474447e+03 
       1.619510869195e-01       1.182261052963e+03 
       1.651026684502e-01       1.143114077174e+03 
       1.682542547128e-01       1.109983280094e+03 
       1.714058453823e-01       1.082017965033e+03 
       1.745574401805e-01       1.058198776109e+03 
       1.777090388630e-01       1.037288528133e+03 
       1.808606412112e-01       1.018222965316e+03 
       1.840122470266e-01       9.995888870952e+02 
       1.871638561277e-01       9.803551234436e+02 
       1.903154683466e-01       9.597307147451e+02 
       1.934670835279e-01       9.372846772572e+02 
       1.966187015269e-01       9.129429307276e+02 
       1.997703222084e-01       8.868655382529e+02 
       2.029219454462e-01       8.595714059217e+02 
       2.060735711216e-01       8.316207254009e+02 
       2.092251991237e-01       8.037317648728e+02 
       2.123768293480e-01       7.764675311918e+02 
       2.155284616962e-01       7.504261867407e+02 
       2.186800960758e-01       7.260817822164e+02 
       2.218317323996e-01       7.037736844981e+02 
       2.249833705854e-01       6.836872948914e+02 
       2.281350105553e-01       6.658264891782e+02 
       2.312866522360e-01       6.500991822438e+02 
       2.344382955581e-01       6.362408523279e+02 
       2.375899404557e-01       6.238651548955e+02 
       2.407415868666e-01       6.126006498816e+02 
       2.438932347317e-01       6.020004207162e+02 
       2.470448839951e-01       5.916569057086e+02 
       2.501965346035e-01       5.812974710061e+02 
       2.533481865065e-01       5.706177812996e+02 
       2.564998396561e-01       5.594646008199e+02 
       2.596514940065e-01       5.477635251624e+02 
       2.628031495144e-01       5.355136708830e+02 
       2.659548061382e-01       5.228214581734e+02 
       2.691064638387e-01       5.098582108521e+02 
       2.722581225782e-01       4.968469369256e+02 
       2.754097823208e-01       4.840197108463e+02 
       2.785614430322e-01       4.716156965740e+02 
       2.817131046799e-01       4.597877268128e+02 
       2.848647672325e-01       4.486904169268e+02 
       2.880164306601e-01       4.383817854151e+02 
       2.911680949343e-01       4.288843515080e+02 
       2.943197600276e-01       4.201726080486e+02 
       2.974714259139e-01       4.121659576272e+02 
       3.006230925681e-01       4.047670985052e+02 
       3.037747599662e-01       3.978715276484e+02 
       3.069264280852e-01       3.913158772262e+02 
       3.100780969029e-01       3.849705774916e+02 
       3.132297663982e-01       3.787019432244e+02 
       3.163814365508e-01       3.724088109837e+02 
       3.195331073410e-01       3.660240496181e+02 
       3.226847787501e-01       3.595124139134e+02 
       3.258364507601e-01       3.528755299117e+02 
       3.289881233535e-01       3.461368698057e+02 
       3.321397965138e-01       3.393415308416e+02 
       3.352914702249e-01       3.325486345182e+02 
       3.384431444713e-01       3.258215500639e+02 
       3.415948192380e-01       3.192254269123e+02 
       3.447464945109e-01       3.128273692509e+02 
       3.478981702760e-01       3.066728697664e+02 
       3.510498465201e-01       3.008267398142e+02 
       3.542015232302e-01       2.952889474411e+02 
       3.573532003941e-01       2.900567688573e+02 
       3.605048779998e-01       2.851207842529e+02 
       3.636565560356e-01       2.804469436310e+02 
       3.668082344906e-01       2.759858633102e+02 
       3.699599133539e-01       2.717018844692e+02 
       3.731115926152e-01       2.675470105586e+02 
       3.762632722643e-01       2.634772419868e+02 
       3.794149522917e-01       2.594729565224e+02 
       3.825666326879e-01       2.555000259954e+02 
       3.857183134438e-01       2.515248117882e+02 
       3.888699945507e-01       2.475454518915e+02 
       3.920216760000e-01       2.435567987468e+02 
       3.951733577835e-01       2.395745700223e+02 
       3.983250398933e-01       2.356144673672e+02 
       4.014767223217e-01       2.316924492572e+02 
       4.046284050611e-01       2.278391562196e+02 
       4.077800881044e-01       2.240639025659e+02 
       4.109317714445e-01       2.203896676343e+02 
       4.140834550746e-01       2.168176113507e+02 
       4.172351389881e-01       2.133675365146e+02 
       4.203868231787e-01       2.100342499107e+02 
       4.235385076401e-01       2.068243380651e+02 
       4.266901923662e-01       2.037343073755e+02 
       4.298418773513e-01       2.007594419155e+02 
       4.329935625897e-01       1.978811313618e+02 
       4.361452480758e-01       1.950854323000e+02 
       4.392969338044e-01       1.923578354233e+02 
       4.424486197701e-01       1.896803375430e+02 
       4.456003059681e-01       1.870457316670e+02 
       4.487519923932e-01       1.844440442793e+02 
       4.519036790409e-01       1.818693381735e+02 
       4.550553659063e-01       1.793175403479e+02 
       4.582070529852e-01       1.767864371191e+02 
       4.613587402729e-01       1.742758524691e+02 
       4.645104277653e-01       1.717889028444e+02 
       4.676621154583e-01       1.693308410934e+02 
       4.708138033477e-01       1.669097546258e+02 
       4.739654914297e-01       1.645327212797e+02 
       4.771171797004e-01       1.622098406245e+02 
       4.802688681561e-01       1.599454220072e+02 
       4.834205567932e-01       1.577391949848e+02 
       4.865722456081e-01       1.555918733211e+02 
       4.897239345974e-01       1.535018967828e+02 
       4.928756237577e-01       1.514651533985e+02 
       4.960273130858e-01       1.494827935772e+02 
       4.991790025784e-01       1.475489338389e+02 
       5.023306922326e-01       1.456591500764e+02 
       5.054823820451e-01       1.438074757288e+02 
       5.086340720131e-01       1.419905931036e+02 
       5.117857621337e-01       1.401973712135e+02 
       5.149374524042e-01       1.384269786116e+02 
       5.180891428216e-01       1.366774736202e+02 
       5.212408333834e-01       1.349488499391e+02 
       5.243925240870e-01       1.332421259838e+02 
       5.275442149298e-01       1.315585617399e+02 
       5.306959059094e-01       1.298989936267e+02 
       5.338475970232e-01       1.282642529358e+02 
       5.369992882689e-01       1.266548180703e+02 
       5.401509796443e-01       1.250707106460e+02 
       5.433026711470e-01       1.235161604307e+02 
       5.464543627748e-01       1.219916340126e+02 
       5.496060545256e-01       1.204984066358e+02 
       5.527577463973e-01       1.190367096781e+02 
       5.559094383878e-01       1.176056382700e+02 
       5.590611304951e-01       1.162032567811e+02 
       5.622128227172e-01       1.148275805398e+02 
       5.653645150522e-01       1.134769565206e+02 
       5.685162074982e-01       1.121491935381e+02 
       5.968567095013e-01       1.011027216466e+02 
       6.292366042054e-01       9.018764354762e+01 
       6.672323440491e-01       7.942736171975e+01 
       7.135027653463e-01       6.858811651806e+01 
       7.729064154028e-01       5.748759775557e+01 
       8.551354834100e-01       4.588158960507e+01 
       9.805125565127e-01       3.368283015809e+01 
       1.183883298711e+00       2.185115204732e+01 
       1.365374112507e+00       1.567170535461e+01 
       1.481729156680e+00       1.292876724772e+01 
       1.865079177292e+00       7.474460786056e+00 
       2.347993288388e+00       4.281074609998e+00 
       2.955948414703e+00       2.432130365456e+00 
       3.721318575222e+00       1.371611898618e+00 
       4.684862519729e+00       7.683495141920e-01 
       5.897892476849e+00       4.277982499019e-01 
       7.425006715135e+00       2.368646255890e-01 
       9.347529636426e+00       1.304824161032e-01 
       1.176784259680e+01       7.154135265586e-02 
       1.481483608710e+01       3.905354062759e-02 
       1.865077362162e+01       2.123268517604e-02 
       2.347993286187e+01       1.149960800155e-02 
       2.955948414703e+01       6.205712549835e-03 
       3.721318575222e+01       3.336990387320e-03 
       4.684862519729e+01       1.788069200526e-03 
       5.897892476849e+01       9.545492225663e-04 
