# Matter power spectrum P(k) at redshift z=0.35
# for k=1.04952e-05 to 58.9789 h/Mpc,
# number of wavenumbers equal to 575
#    1:k (h/Mpc)              2:P (Mpc/h)^3        
       1.049521996540e-05       3.271773287466e+01 
       2.312703140351e-05       7.012402772702e+01 
       3.580220203963e-05       1.069038875482e+02 
       4.855352787053e-05       1.434359680668e+02 
       6.141433211936e-05       1.799375672269e+02 
       7.441875102904e-05       2.165720576102e+02 
       8.760202852808e-05       2.534793109843e+02 
       1.010008235465e-04       2.907881995973e+02 
       1.146535337898e-04       3.286230037867e+02 
       1.286006398104e-04       3.671072916641e+02 
       1.428850732267e-04       4.063665937123e+02 
       1.575526129020e-04       4.465304732006e+02 
       1.726523127585e-04       4.877342875619e+02 
       1.882369646229e-04       5.301207824952e+02 
       2.043635989836e-04       5.738416153442e+02 
       2.210940257026e-04       6.190588516172e+02 
       2.384954154191e-04       6.659464688367e+02 
       2.566409204418e-04       7.146918703500e+02 
       2.756103311382e-04       7.654974085472e+02 
       2.954907599292e-04       8.185818963945e+02 
       3.163773396783e-04       8.741820700727e+02 
       3.383739161997e-04       9.325539456577e+02 
       3.615937054699e-04       9.939739851825e+02 
       3.861598746494e-04       1.058739964727e+03 
       4.122059921309e-04       1.127171390321e+03 
       4.398762757783e-04       1.199609287093e+03 
       4.693255511264e-04       1.276415120758e+03 
       5.007188142551e-04       1.357968613748e+03 
       5.342302801493e-04       1.444664148324e+03 
       5.700417908375e-04       1.536905487505e+03 
       6.083404640704e-04       1.635098546969e+03 
       6.493154893013e-04       1.739642072780e+03 
       6.931540295049e-04       1.850916185398e+03 
       7.400362688145e-04       1.969269035053e+03 
       7.901297556666e-04       2.095002046680e+03 
       8.435833195404e-04       2.228354589469e+03 
       9.005209670199e-04       2.369489189367e+03 
       9.610362618295e-04       2.518478628190e+03 
       1.025187732878e-03       2.675296308643e+03 
       1.092995810025e-03       2.839811048523e+03 
       1.164441652253e-03       3.011787173666e+03 
       1.239468023948e-03       3.190863209820e+03 
       1.317982131218e-03       3.376627958962e+03 
       1.365374112507e-03       3.487959195803e+03 
       1.399860102217e-03       3.568596176463e+03 
       1.484952629637e-03       3.766214973740e+03 
       1.573091217505e-03       3.968894000804e+03 
       1.664094490714e-03       4.176023214683e+03 
       1.757774114867e-03       4.386989571664e+03 
       1.853940004620e-03       4.601190473276e+03 
       1.952404638443e-03       4.818044729467e+03 
       2.052986422001e-03       5.037000573298e+03 
       2.155512137086e-03       5.257541434297e+03 
       2.259818574702e-03       5.479188746404e+03 
       2.365753482517e-03       5.701503740174e+03 
       2.473175965450e-03       5.924087566387e+03 
       2.581956471182e-03       6.146579882675e+03 
       2.691976476543e-03       6.368656827606e+03 
       2.803127971240e-03       6.590029043049e+03 
       2.915312815527e-03       6.810439135098e+03 
       3.028442030286e-03       7.029657649990e+03 
       3.142435062419e-03       7.247484252103e+03 
       3.257219055803e-03       7.463738676113e+03 
       3.372728148150e-03       7.678265770969e+03 
       3.488902806543e-03       7.890926892353e+03 
       3.605689208915e-03       8.101604759699e+03 
       3.723038674752e-03       8.310192565184e+03 
       3.840907145565e-03       8.516600823022e+03 
       3.959254713861e-03       8.720751812974e+03 
       4.078045198199e-03       8.922578023216e+03 
       4.197245761236e-03       9.122023988629e+03 
       4.316826567374e-03       9.319038934454e+03 
       4.436760476516e-03       9.513585597160e+03 
       4.557022770484e-03       9.705629216159e+03 
       4.677590908857e-03       9.895141313268e+03 
       4.798444311143e-03       1.008210252895e+04 
       4.919564162495e-03       1.026649339858e+04 
       5.040933240388e-03       1.044830346997e+04 
       5.162535759947e-03       1.062752334577e+04 
       5.284357235852e-03       1.080414573136e+04 
       5.406384358951e-03       1.097817086633e+04 
       5.528604885928e-03       1.114959504561e+04 
       5.651007540563e-03       1.131842467513e+04 
       5.773581925274e-03       1.148466600145e+04 
       5.896318441787e-03       1.164832120196e+04 
       6.019208219924e-03       1.180940200627e+04 
       6.142243053592e-03       1.196791835315e+04 
       6.265415343199e-03       1.212387793999e+04 
       6.388718043770e-03       1.227729819146e+04 
       6.512144618156e-03       1.242819357504e+04 
       6.635688994790e-03       1.257657464694e+04 
       6.759345529484e-03       1.272245791551e+04 
       6.883108970869e-03       1.286586318495e+04 
       7.006974429057e-03       1.300679759732e+04 
       7.130937347233e-03       1.314528849163e+04 
       7.254993475829e-03       1.328135231100e+04 
       7.379138849064e-03       1.341500446625e+04 
       7.503369763566e-03       1.354625704905e+04 
       7.627682758903e-03       1.367514412110e+04 
       7.752074599819e-03       1.380167078851e+04 
       7.876542260001e-03       1.392585137878e+04 
       8.001082907249e-03       1.404772403385e+04 
       8.125693889895e-03       1.416730213276e+04 
       8.250372724364e-03       1.428460259756e+04 
       8.375117083770e-03       1.439964005665e+04 
       8.499924787441e-03       1.451244866161e+04 
       8.624793791300e-03       1.462303630062e+04 
       8.749722179018e-03       1.473142452860e+04 
       8.874708153873e-03       1.483763113358e+04 
       8.999750031245e-03       1.494167653462e+04 
       9.124846231701e-03       1.504359726805e+04 
       9.249995274615e-03       1.514339424220e+04 
       9.375195772273e-03       1.524109016505e+04 
       9.500446424428e-03       1.533670818871e+04 
       9.625746013265e-03       1.543026427830e+04 
       9.751093398737e-03       1.552178416707e+04 
       9.876487514253e-03       1.561128354403e+04 
       1.000192736268e-02       1.569877804392e+04 
       1.012741201262e-02       1.578429446784e+04 
       1.025294059501e-02       1.586784679270e+04 
       1.037851229988e-02       1.594945915060e+04 
       1.050412637342e-02       1.602913741610e+04 
       1.062978211522e-02       1.610691845856e+04 
       1.075547887571e-02       1.618281719058e+04 
       1.088121605378e-02       1.625684088232e+04 
       1.100699309458e-02       1.632901515603e+04 
       1.113280948744e-02       1.639935587276e+04 
       1.125866476396e-02       1.646789119954e+04 
       1.138455849626e-02       1.653462175059e+04 
       1.151049029527e-02       1.659958234370e+04 
       1.163645980924e-02       1.666278339541e+04 
       1.176246672226e-02       1.672423785003e+04 
       1.188851075295e-02       1.678397996076e+04 
       1.201459165321e-02       1.684201095609e+04 
       1.214070920707e-02       1.689835259606e+04 
       1.226686322961e-02       1.695302458291e+04 
       1.239305356596e-02       1.700604859644e+04 
       1.251928009038e-02       1.705743310794e+04 
       1.264554270538e-02       1.710720700680e+04 
       1.277184134097e-02       1.715536975104e+04 
       1.289817595385e-02       1.720195171833e+04 
       1.302454652681e-02       1.724696659508e+04 
       1.315095306802e-02       1.729042814160e+04 
       1.327739561051e-02       1.733235885332e+04 
       1.340387421161e-02       1.737276871949e+04 
       1.353038895245e-02       1.741166435640e+04 
       1.365374112507e-02       1.744816124378e+04 
       1.365693993753e-02       1.744908872104e+04 
       1.378352729429e-02       1.748502715028e+04 
       1.391015117276e-02       1.751953013639e+04 
       1.403681174522e-02       1.755258969764e+04 
       1.416350920586e-02       1.758421763641e+04 
       1.429024377057e-02       1.761445892053e+04 
       1.441701567666e-02       1.764329651687e+04 
       1.454382518265e-02       1.767076099618e+04 
       1.467067256809e-02       1.769686244352e+04 
       1.479755813344e-02       1.772161855015e+04 
       1.492448219987e-02       1.774504554539e+04 
       1.505144510923e-02       1.776716927245e+04 
       1.517844722390e-02       1.778797583167e+04 
       1.530548892679e-02       1.780752043957e+04 
       1.543257062128e-02       1.782578125457e+04 
       1.555969273119e-02       1.784279210728e+04 
       1.568685570080e-02       1.785856033405e+04 
       1.581405999491e-02       1.787310316693e+04 
       1.594130609881e-02       1.788644115428e+04 
       1.606859451845e-02       1.789858210768e+04 
       1.619592578041e-02       1.790953543995e+04 
       1.632330043209e-02       1.791932527931e+04 
       1.645071904182e-02       1.792796582101e+04 
       1.657818219894e-02       1.793546139845e+04 
       1.670569051404e-02       1.794183458066e+04 
       1.683324461908e-02       1.794709976170e+04 
       1.696084516758e-02       1.795126087564e+04 
       1.708849283487e-02       1.795433667126e+04 
       1.721618831828e-02       1.795635381059e+04 
       1.734393233738e-02       1.795730851959e+04 
       1.747172563426e-02       1.795721945186e+04 
       1.759956897380e-02       1.795610184210e+04 
       1.772746314395e-02       1.795397227782e+04 
       1.785540895603e-02       1.795082740113e+04 
       1.798340724509e-02       1.794671466147e+04 
       1.811145887023e-02       1.794161146509e+04 
       1.823956471493e-02       1.793554766463e+04 
       1.836772568748e-02       1.792853783183e+04 
       1.849594272132e-02       1.792058136264e+04 
       1.862421677549e-02       1.791171088895e+04 
       1.875254883503e-02       1.790192034858e+04 
       1.888093991143e-02       1.789123971938e+04 
       1.900939104308e-02       1.787966679770e+04 
       1.913790329576e-02       1.786721950728e+04 
       1.926647776316e-02       1.785392116961e+04 
       1.939511556735e-02       1.783976379180e+04 
       1.952381785932e-02       1.782476258187e+04 
       1.965258581958e-02       1.780894143720e+04 
       1.978142065867e-02       1.779233007467e+04 
       1.991032361781e-02       1.777489056061e+04 
       2.003929596947e-02       1.775666703258e+04 
       2.016833901800e-02       1.773767469273e+04 
       2.029745410034e-02       1.771791899861e+04 
       2.042664258664e-02       1.769740463860e+04 
       2.055590588096e-02       1.767613765056e+04 
       2.068524542204e-02       1.765415542439e+04 
       2.081466268399e-02       1.763145162418e+04 
       2.094415917710e-02       1.760803969623e+04 
       2.107373644860e-02       1.758392713666e+04 
       2.120339608349e-02       1.755913782665e+04 
       2.133313970539e-02       1.753367211603e+04 
       2.146296897743e-02       1.750754988546e+04 
       2.159288560309e-02       1.748076138560e+04 
       2.172289132719e-02       1.745333499570e+04 
       2.185298793680e-02       1.742529897574e+04 
       2.198317726226e-02       1.739661266555e+04 
       2.211346117817e-02       1.736733967294e+04 
       2.224384160444e-02       1.733745297598e+04 
       2.237432050741e-02       1.730700087988e+04 
       2.250489990091e-02       1.727596209425e+04 
       2.263558184744e-02       1.724436502891e+04 
       2.276636845936e-02       1.721221166293e+04 
       2.289726190010e-02       1.717947734453e+04 
       2.302826438544e-02       1.714623724103e+04 
       2.315937818478e-02       1.711246555923e+04 
       2.329060562252e-02       1.707816992236e+04 
       2.342194907944e-02       1.704335096227e+04 
       2.355341099411e-02       1.700815703033e+04 
       2.368499386438e-02       1.697240733144e+04 
       2.381670024890e-02       1.693597271989e+04 
       2.394853276872e-02       1.689936328809e+04 
       2.408049410886e-02       1.686188673026e+04 
       2.421258702004e-02       1.682447549104e+04 
       2.434481432038e-02       1.678630304977e+04 
       2.447717889721e-02       1.674787328687e+04 
       2.460968370890e-02       1.670877545982e+04 
       2.474233178679e-02       1.666932854965e+04 
       2.487512623713e-02       1.662963280740e+04 
       2.500807024316e-02       1.658945198080e+04 
       2.514116706717e-02       1.654896201242e+04 
       2.527442005274e-02       1.650818623095e+04 
       2.540783262693e-02       1.646694585594e+04 
       2.554140830266e-02       1.642467872449e+04 
       2.567515068109e-02       1.638272823133e+04 
       2.580906345412e-02       1.634043393049e+04 
       2.594315040699e-02       1.629756694999e+04 
       2.607741542092e-02       1.625470686506e+04 
       2.621186247592e-02       1.621124285350e+04 
       2.634649565360e-02       1.616761353257e+04 
       2.648131914018e-02       1.612398170453e+04 
       2.661633722956e-02       1.607939031061e+04 
       2.675155432646e-02       1.603488010408e+04 
       2.688697494980e-02       1.599029386476e+04 
       2.702260373605e-02       1.594493756623e+04 
       2.715844544282e-02       1.589945213787e+04 
       2.729450495252e-02       1.585387898859e+04 
       2.743078727620e-02       1.580784752689e+04 
       2.756729755751e-02       1.576176953509e+04 
       2.770404107680e-02       1.571541905844e+04 
       2.784102325542e-02       1.566906300635e+04 
       2.797824966012e-02       1.562201274911e+04 
       2.811572600772e-02       1.557492382262e+04 
       2.825345816984e-02       1.552743071431e+04 
       2.839145217793e-02       1.547991942344e+04 
       2.852971422842e-02       1.543217613724e+04 
       2.866825068814e-02       1.538474600908e+04 
       2.880706809989e-02       1.533614373195e+04 
       2.894617318833e-02       1.528798505878e+04 
       2.908557286599e-02       1.523932422345e+04 
       2.922527423967e-02       1.519073032622e+04 
       2.936528461699e-02       1.514193254856e+04 
       2.950561151327e-02       1.509340176998e+04 
       2.964626265871e-02       1.504389251989e+04 
       2.978724600587e-02       1.499459244396e+04 
       2.992856973743e-02       1.494511205470e+04 
       3.007024227437e-02       1.489564024900e+04 
       3.021227228447e-02       1.484575193940e+04 
       3.035466869112e-02       1.479630778910e+04 
       3.049744068270e-02       1.474594588876e+04 
       3.064059772216e-02       1.469582682659e+04 
       3.078414955727e-02       1.464578229388e+04 
       3.092810623112e-02       1.459534058999e+04 
       3.107247809328e-02       1.454494371593e+04 
       3.121727581141e-02       1.449433210245e+04 
       3.136251038344e-02       1.444382612375e+04 
       3.150819315026e-02       1.439295200898e+04 
       3.165433580918e-02       1.434228980106e+04 
       3.180095042788e-02       1.429144584193e+04 
       3.194804945918e-02       1.424024466176e+04 
       3.209564575643e-02       1.418922411242e+04 
       3.224375258975e-02       1.413800778657e+04 
       3.239238366311e-02       1.408685747940e+04 
       3.254155313219e-02       1.403545365746e+04 
       3.269127562329e-02       1.398395667813e+04 
       3.284156625309e-02       1.393273970006e+04 
       3.299244064961e-02       1.388133919566e+04 
       3.314391497415e-02       1.382973030398e+04 
       3.329600594452e-02       1.377802696346e+04 
       3.344873085946e-02       1.372620599122e+04 
       3.360210762447e-02       1.367445710952e+04 
       3.375615477904e-02       1.362289767339e+04 
       3.391089152544e-02       1.357111315374e+04 
       3.406633775914e-02       1.351896668324e+04 
       3.422251410098e-02       1.346702417969e+04 
       3.437944193124e-02       1.341533711659e+04 
       3.453714342572e-02       1.336338976323e+04 
       3.469564159391e-02       1.331126062213e+04 
       3.485496031959e-02       1.325912899982e+04 
       3.501512440381e-02       1.320682353866e+04 
       3.517615961053e-02       1.315491029468e+04 
       3.533809271520e-02       1.310257780652e+04 
       3.550095155638e-02       1.305036673276e+04 
       3.566476509059e-02       1.299803026133e+04 
       3.582956345090e-02       1.294572029268e+04 
       3.599537800921e-02       1.289340879006e+04 
       3.616224144278e-02       1.284131488081e+04 
       3.633018780522e-02       1.278893918421e+04 
       3.649925260238e-02       1.273621165420e+04 
       3.666947287342e-02       1.268378291238e+04 
       3.684088727768e-02       1.263127573341e+04 
       3.701353618767e-02       1.257904662133e+04 
       3.718746178881e-02       1.252613908546e+04 
       3.736270818650e-02       1.247358749907e+04 
       3.753932152108e-02       1.242100726920e+04 
       3.771735009151e-02       1.236836024296e+04 
       3.789684448856e-02       1.231566169890e+04 
       3.807785773819e-02       1.226290965063e+04 
       3.826044545641e-02       1.221053655752e+04 
       3.844466601636e-02       1.215727267554e+04 
       3.863058072912e-02       1.210456532776e+04 
       3.881825403931e-02       1.205185093609e+04 
       3.900775373718e-02       1.199869227060e+04 
       3.919915118867e-02       1.194542933593e+04 
       3.939252158552e-02       1.189243975072e+04 
       3.958794421722e-02       1.183917422534e+04 
       3.978550276748e-02       1.178623189576e+04 
       3.998528563753e-02       1.173284934314e+04 
       4.018738629947e-02       1.167934083794e+04 
       4.039190368285e-02       1.162607343718e+04 
       4.059894259839e-02       1.157233511500e+04 
       4.080861420303e-02       1.151860453285e+04 
       4.102103651135e-02       1.146495040579e+04 
       4.123633495873e-02       1.141127229869e+04 
       4.145464302275e-02       1.135722289197e+04 
       4.167610291004e-02       1.130311458471e+04 
       4.190086631689e-02       1.124867977450e+04 
       4.212909527328e-02       1.119439486143e+04 
       4.236096308119e-02       1.113984957049e+04 
       4.259665536020e-02       1.108504328381e+04 
       4.283637121485e-02       1.103034522577e+04 
       4.308032454123e-02       1.097541336081e+04 
       4.332874549257e-02       1.091994241766e+04 
       4.358188212733e-02       1.086443056236e+04 
       4.384000226720e-02       1.080899615912e+04 
       4.410339559722e-02       1.075298466430e+04 
       4.437237604613e-02       1.069692611164e+04 
       4.464728449199e-02       1.064013984936e+04 
       4.492849184662e-02       1.058330283868e+04 
       4.521640258286e-02       1.052632045005e+04 
       4.551145878105e-02       1.046875330791e+04 
       4.581414478669e-02       1.041121650192e+04 
       4.612499259042e-02       1.035260859052e+04 
       4.644458806457e-02       1.029411187683e+04 
       4.677357822008e-02       1.023488473974e+04 
       4.711267968374e-02       1.017548917022e+04 
       4.746268864115e-02       1.011490989401e+04 
       4.782449254793e-02       1.005418842053e+04 
       4.819908398384e-02       9.992775763088e+03 
       4.858757711544e-02       9.930610779071e+03 
       4.899122734876e-02       9.867616032348e+03 
       4.941145490069e-02       9.804119392635e+03 
       4.984987320553e-02       9.739569081073e+03 
       5.030832331237e-02       9.673762578142e+03 
       5.078891573332e-02       9.606765343667e+03 
       5.129408158764e-02       9.538809895466e+03 
       5.182663536882e-02       9.469494842967e+03 
       5.238985225398e-02       9.398231251246e+03 
       5.298756357876e-02       9.325538013806e+03 
       5.362427488643e-02       9.250537759847e+03 
       5.430531172732e-02       9.172962667008e+03 
       5.503699888707e-02       9.092832694530e+03 
       5.582687841361e-02       9.009248733601e+03 
       5.668396957533e-02       8.922171697318e+03 
       5.761906753035e-02       8.830195151747e+03 
       5.864506299435e-02       8.731982578002e+03 
       5.977723569834e-02       8.626711539524e+03 
       6.103341976173e-02       8.511893730848e+03 
       6.243384855685e-02       8.385016932175e+03 
       6.400036196696e-02       8.242635381532e+03 
       6.575454963443e-02       8.080190363229e+03 
       6.771446641855e-02       7.892942161690e+03 
       6.989006944543e-02       7.675094637376e+03 
       7.227864884879e-02       7.422622343986e+03 
       7.486267277108e-02       7.134134852265e+03 
       7.761212150076e-02       6.812445290347e+03 
       8.049081394618e-02       6.465763327639e+03 
       8.346354658450e-02       6.105646313184e+03 
       8.650089508571e-02       5.745560304331e+03 
       8.958079831471e-02       5.398841415216e+03 
       9.268791548944e-02       5.076501197830e+03 
       9.581210192839e-02       4.786567214628e+03 
       9.894686368717e-02       4.533543733914e+03 
       1.020881283099e-01       4.318664050708e+03 
       1.052333742697e-01       4.140137780999e+03 
       1.083810524625e-01       3.993832934330e+03 
       1.115302156473e-01       3.873868465713e+03 
       1.146802861836e-01       3.773488367614e+03 
       1.178309123281e-01       3.685169001551e+03 
       1.209818800150e-01       3.602176973381e+03 
       1.241330589507e-01       3.518377303041e+03 
       1.272843697688e-01       3.428856347910e+03 
       1.304357640513e-01       3.330750006166e+03 
       1.335872121867e-01       3.222900092966e+03 
       1.365374112507e-01       3.113537083768e+03 
       1.367386959966e-01       3.105740402736e+03 
       1.398902042570e-01       2.981667655536e+03 
       1.430417299799e-01       2.853534177987e+03 
       1.461932687616e-01       2.725225600179e+03 
       1.493448177797e-01       2.600378755507e+03 
       1.524963751828e-01       2.482509561561e+03 
       1.556479397195e-01       2.374148163387e+03 
       1.587995105124e-01       2.277214298523e+03 
       1.619510869195e-01       2.192443045390e+03 
       1.651026684502e-01       2.119724080092e+03 
       1.682542547128e-01       2.058191411461e+03 
       1.714058453823e-01       2.006285358203e+03 
       1.745574401805e-01       1.962196235823e+03 
       1.777090388630e-01       1.923632056997e+03 
       1.808606412112e-01       1.888069221027e+03 
       1.840122470266e-01       1.853282590391e+03 
       1.871638561277e-01       1.817395820265e+03 
       1.903154683466e-01       1.778811903455e+03 
       1.934670835279e-01       1.737085282031e+03 
       1.966187015269e-01       1.692008098547e+03 
       1.997703222084e-01       1.643719735728e+03 
       2.029219454462e-01       1.593340685252e+03 
       2.060735711216e-01       1.541703082708e+03 
       2.092251991237e-01       1.489992743058e+03 
       2.123768293480e-01       1.439423188012e+03 
       2.155284616962e-01       1.391015350653e+03 
       2.186800960758e-01       1.345751399590e+03 
       2.218317323996e-01       1.304260772782e+03 
       2.249833705854e-01       1.266941142181e+03 
       2.281350105553e-01       1.233827901957e+03 
       2.312866522360e-01       1.204719069607e+03 
       2.344382955581e-01       1.178985481656e+03 
       2.375899404557e-01       1.156026922678e+03 
       2.407415868666e-01       1.135161577992e+03 
       2.438932347317e-01       1.115473126268e+03 
       2.470448839951e-01       1.096385367344e+03 
       2.501965346035e-01       1.077176831296e+03 
       2.533481865065e-01       1.057377948961e+03 
       2.564998396561e-01       1.036721845040e+03 
       2.596514940065e-01       1.014922360355e+03 
       2.628031495144e-01       9.921399852968e+02 
       2.659548061382e-01       9.685245793175e+02 
       2.691064638387e-01       9.444664918927e+02 
       2.722581225782e-01       9.203611085950e+02 
       2.754097823208e-01       8.966509459132e+02 
       2.785614430322e-01       8.736935210891e+02 
       2.817131046799e-01       8.518383272811e+02 
       2.848647672325e-01       8.312711062034e+02 
       2.880164306601e-01       8.121184601435e+02 
       2.911680949343e-01       7.945212433957e+02 
       2.943197600276e-01       7.783526637140e+02 
       2.974714259139e-01       7.635164313944e+02 
       3.006230925681e-01       7.498227267708e+02 
       3.037747599662e-01       7.370040723386e+02 
       3.069264280852e-01       7.248570698477e+02 
       3.100780969029e-01       7.130589921906e+02 
       3.132297663982e-01       7.014016131373e+02 
       3.163814365508e-01       6.897184314023e+02 
       3.195331073410e-01       6.778707782538e+02 
       3.226847787501e-01       6.658165054694e+02 
       3.258364507601e-01       6.535219898768e+02 
       3.289881233535e-01       6.410439299460e+02 
       3.321397965138e-01       6.284470990509e+02 
       3.352914702249e-01       6.158320141832e+02 
       3.384431444713e-01       6.033623734476e+02 
       3.415948192380e-01       5.911332558892e+02 
       3.447464945109e-01       5.792978798119e+02 
       3.478981702760e-01       5.679156597105e+02 
       3.510498465201e-01       5.571044810352e+02 
       3.542015232302e-01       5.468593752046e+02 
       3.573532003941e-01       5.371634968051e+02 
       3.605048779998e-01       5.280037154645e+02 
       3.636565560356e-01       5.193023142018e+02 
       3.668082344906e-01       5.110106755126e+02 
       3.699599133539e-01       5.030539757816e+02 
       3.731115926152e-01       4.953500849154e+02 
       3.762632722643e-01       4.878194654110e+02 
       3.794149522917e-01       4.803901169916e+02 
       3.825666326879e-01       4.730124338002e+02 
       3.857183134438e-01       4.656494125373e+02 
       3.888699945507e-01       4.582747621637e+02 
       3.920216760000e-01       4.509128983612e+02 
       3.951733577835e-01       4.435572876380e+02 
       3.983250398933e-01       4.362487651876e+02 
       4.014767223217e-01       4.289974958049e+02 
       4.046284050611e-01       4.218590004253e+02 
       4.077800881044e-01       4.148504800072e+02 
       4.109317714445e-01       4.080103403917e+02 
       4.140834550746e-01       4.013631081114e+02 
       4.172351389881e-01       3.949552330467e+02 
       4.203868231787e-01       3.887764303987e+02 
       4.235385076401e-01       3.828349958757e+02 
       4.266901923662e-01       3.771194074690e+02 
       4.298418773513e-01       3.716071178820e+02 
       4.329935625897e-01       3.662791023364e+02 
       4.361452480758e-01       3.611160816988e+02 
       4.392969338044e-01       3.560538829026e+02 
       4.424486197701e-01       3.511093049477e+02 
       4.456003059680e-01       3.462514115222e+02 
       4.487519923932e-01       3.414306869887e+02 
       4.519036790409e-01       3.366645379279e+02 
       4.550553659063e-01       3.319300960944e+02 
       4.582070529852e-01       3.272248332123e+02 
       4.613587402729e-01       3.225663205341e+02 
       4.645104277653e-01       3.179457076035e+02 
       4.676621154583e-01       3.133901055607e+02 
       4.708138033477e-01       3.089107010719e+02 
       4.739654914297e-01       3.045082547511e+02 
       4.771171797004e-01       3.002116181560e+02 
       4.802688681561e-01       2.960279453381e+02 
       4.834205567932e-01       2.919402362578e+02 
       4.865722456081e-01       2.879617081127e+02 
       4.897239345974e-01       2.840927242330e+02 
       4.928756237577e-01       2.803295115635e+02 
       4.960273130858e-01       2.766643959610e+02 
       4.991790025784e-01       2.730865084913e+02 
       5.023306922326e-01       2.695758603819e+02 
       5.054823820451e-01       2.661383626622e+02 
       5.086340720131e-01       2.627662378157e+02 
       5.117857621337e-01       2.594363733109e+02 
       5.149374524042e-01       2.561537812555e+02 
       5.180891428216e-01       2.529173124386e+02 
       5.212408333834e-01       2.497233850581e+02 
       5.243925240870e-01       2.465695759404e+02 
       5.275442149298e-01       2.434547010265e+02 
       5.306959059094e-01       2.403724852733e+02 
       5.338475970232e-01       2.373488209520e+02 
       5.369992882689e-01       2.343649400577e+02 
       5.401509796443e-01       2.314228385850e+02 
       5.433026711470e-01       2.285488516355e+02 
       5.464543627748e-01       2.257298244744e+02 
       5.496060545256e-01       2.229724392045e+02 
       5.527577463973e-01       2.202633913013e+02 
       5.559094383878e-01       2.176080669519e+02 
       5.590611304951e-01       2.150059273545e+02 
       5.622128227172e-01       2.124494259352e+02 
       5.653645150522e-01       2.099502913369e+02 
       5.685162074982e-01       2.074992837397e+02 
       5.968567095013e-01       1.870528523732e+02 
       6.292366042054e-01       1.668359514834e+02 
       6.672323440491e-01       1.469130754281e+02 
       7.135027653463e-01       1.268471837030e+02 
       7.729064154028e-01       1.063061599642e+02 
       8.551354834100e-01       8.482664799114e+01 
       9.805125565127e-01       6.225819328485e+01 
       1.183883298711e+00       4.037622760604e+01 
       1.365374112507e+00       2.894975776738e+01 
       1.481729156680e+00       2.387923572522e+01 
       1.865079177292e+00       1.379970405039e+01 
       2.347993288388e+00       7.900536762180e+00 
       2.955948414703e+00       4.486457233328e+00 
       3.721318575222e+00       2.529067681781e+00 
       4.684862519729e+00       1.416156608689e+00 
       5.897892476849e+00       7.881725843204e-01 
       7.425006715135e+00       4.362393246702e-01 
       9.347529636426e+00       2.402018914813e-01 
       1.176784259680e+01       1.316487215966e-01 
       1.481483608710e+01       7.183586413285e-02 
       1.865077362162e+01       3.903902556530e-02 
       2.347993286187e+01       2.113500897354e-02 
       2.955948414703e+01       1.140044987096e-02 
       3.721318575222e+01       6.127774843775e-03 
       4.684862519729e+01       3.282209365570e-03 
       5.897892476849e+01       1.751471118719e-03 
