# Matter power spectrum P(k) at redshift z=0
# for k=1.04952e-05 to 58.9789 h/Mpc,
# number of wavenumbers equal to 575
#    1:k (h/Mpc)              2:P (Mpc/h)^3        
       1.049521996540e-05       4.722543878326e+01 
       2.312703140351e-05       1.012207715624e+02 
       3.580220203963e-05       1.543169737195e+02 
       4.855352787053e-05       2.070632395033e+02 
       6.141433211936e-05       2.597758079359e+02 
       7.441875102904e-05       3.126930435954e+02 
       8.760202852808e-05       3.660193596935e+02 
       1.010008235465e-04       4.199432507180e+02 
       1.146535337898e-04       4.746465433057e+02 
       1.286006398104e-04       5.303099792863e+02 
       1.428850732267e-04       5.870511950657e+02 
       1.575526129020e-04       6.451771423198e+02 
       1.726523127585e-04       7.048315399694e+02 
       1.882369646229e-04       7.662221055281e+02 
       2.043635989836e-04       8.295691100328e+02 
       2.210940257026e-04       8.951075134679e+02 
       2.384954154191e-04       9.630890047620e+02 
       2.566409204418e-04       1.033784119051e+03 
       2.756103311382e-04       1.107484307439e+03 
       2.954907599292e-04       1.184503985172e+03 
       3.163773396783e-04       1.265182522661e+03 
       3.383739161997e-04       1.349886058226e+03 
       3.615937054699e-04       1.439009040173e+03 
       3.861598746494e-04       1.532975373552e+03 
       4.122059921309e-04       1.632238901207e+03 
       4.398762757783e-04       1.737283066079e+03 
       4.693255511264e-04       1.848619343590e+03 
       5.007188142551e-04       1.966784187255e+03 
       5.342302801493e-04       2.092334018457e+03 
       5.700417908375e-04       2.225837890678e+03 
       6.083404640704e-04       2.367867504963e+03 
       6.493154893013e-04       2.518984253046e+03 
       6.931540295049e-04       2.679723301769e+03 
       7.400362688145e-04       2.850574957517e+03 
       7.901297556666e-04       3.031963975046e+03 
       8.435833195404e-04       3.224227918970e+03 
       9.005209670199e-04       3.427596139634e+03 
       9.610362618295e-04       3.642171263738e+03 
       1.025187732878e-03       3.867915150294e+03 
       1.092995810025e-03       4.104641090200e+03 
       1.164441652253e-03       4.352013628097e+03 
       1.239468023948e-03       4.609517336032e+03 
       1.317982131218e-03       4.876566244424e+03 
       1.365374112507e-03       5.036581871824e+03 
       1.399860102217e-03       5.152468313139e+03 
       1.484952629637e-03       5.436434149425e+03 
       1.573091217505e-03       5.727620049779e+03 
       1.664094490714e-03       6.025153267406e+03 
       1.757774114867e-03       6.328155557386e+03 
       1.853940004620e-03       6.635762543203e+03 
       1.952404638443e-03       6.947139651872e+03 
       2.052986422001e-03       7.261493951700e+03 
       2.155512137086e-03       7.578082735936e+03 
       2.259818574702e-03       7.896217735463e+03 
       2.365753482517e-03       8.215267730748e+03 
       2.473175965450e-03       8.534658635255e+03 
       2.581956471182e-03       8.853871525717e+03 
       2.691976476543e-03       9.172439827882e+03 
       2.803127971240e-03       9.489946655426e+03 
       2.915312815527e-03       9.806021257401e+03 
       3.028442030286e-03       1.012033323474e+04 
       3.142435062419e-03       1.043259417104e+04 
       3.257219055803e-03       1.074254443689e+04 
       3.372728148150e-03       1.104996105344e+04 
       3.488902806543e-03       1.135464419896e+04 
       3.605689208915e-03       1.165642534937e+04 
       3.723038674752e-03       1.195515127650e+04 
       3.840907145565e-03       1.225069348549e+04 
       3.959254713861e-03       1.254294055848e+04 
       4.078045198199e-03       1.283179586388e+04 
       4.197245761236e-03       1.311718014734e+04 
       4.316826567374e-03       1.339902098666e+04 
       4.436760476516e-03       1.367726549198e+04 
       4.557022770484e-03       1.395186433819e+04 
       4.677590908857e-03       1.422277741100e+04 
       4.798444311143e-03       1.448997527844e+04 
       4.919564162495e-03       1.475343516008e+04 
       5.040933240388e-03       1.501314200199e+04 
       5.162535759947e-03       1.526908242130e+04 
       5.284357235852e-03       1.552124430469e+04 
       5.406384358951e-03       1.576963253128e+04 
       5.528604885928e-03       1.601424125139e+04 
       5.651007540563e-03       1.625508036157e+04 
       5.773581925274e-03       1.649216005351e+04 
       5.896318441787e-03       1.672548383006e+04 
       6.019208219924e-03       1.695507033025e+04 
       6.142243053592e-03       1.718093465330e+04 
       6.265415343199e-03       1.740308891462e+04 
       6.388718043770e-03       1.762155914484e+04 
       6.512144618156e-03       1.783636714217e+04 
       6.635688994790e-03       1.804752892070e+04 
       6.759345529484e-03       1.825506905353e+04 
       6.883108970869e-03       1.845901750776e+04 
       7.006974429057e-03       1.865938523993e+04 
       7.130937347233e-03       1.885621219014e+04 
       7.254993475829e-03       1.904952378197e+04 
       7.379138849064e-03       1.923934259551e+04 
       7.503369763566e-03       1.942568753307e+04 
       7.627682758903e-03       1.960860833371e+04 
       7.752074599819e-03       1.978811314014e+04 
       7.876542260001e-03       1.996422393280e+04 
       8.001082907249e-03       2.013699566098e+04 
       8.125693889895e-03       2.030644849586e+04 
       8.250372724364e-03       2.047260807519e+04 
       8.375117083770e-03       2.063549604996e+04 
       8.499924787441e-03       2.079516255686e+04 
       8.624793791300e-03       2.095162008393e+04 
       8.749722179018e-03       2.110490029421e+04 
       8.874708153873e-03       2.125502966165e+04 
       8.999750031245e-03       2.140203855016e+04 
       9.124846231701e-03       2.154597979658e+04 
       9.249995274615e-03       2.168685590004e+04 
       9.375195772273e-03       2.182470036642e+04 
       9.500446424428e-03       2.195954653599e+04 
       9.625746013265e-03       2.209142035598e+04 
       9.751093398737e-03       2.222035733694e+04 
       9.876487514253e-03       2.234638084059e+04 
       1.000192736268e-02       2.246951562658e+04 
       1.012741201262e-02       2.258980002955e+04 
       1.025294059501e-02       2.270725550483e+04 
       1.037851229988e-02       2.282191670833e+04 
       1.050412637342e-02       2.293379419286e+04 
       1.062978211522e-02       2.304293909006e+04 
       1.075547887571e-02       2.314937616690e+04 
       1.088121605378e-02       2.325311526300e+04 
       1.100699309458e-02       2.335419425526e+04 
       1.113280948744e-02       2.345263665038e+04 
       1.125866476396e-02       2.354848342967e+04 
       1.138455849626e-02       2.364173705993e+04 
       1.151049029527e-02       2.373244574597e+04 
       1.163645980924e-02       2.382062756451e+04 
       1.176246672226e-02       2.390630107194e+04 
       1.188851075295e-02       2.398951594001e+04 
       1.201459165321e-02       2.407027441866e+04 
       1.214070920707e-02       2.414860893609e+04 
       1.226686322961e-02       2.422454730768e+04 
       1.239305356596e-02       2.429812292621e+04 
       1.251928009038e-02       2.436934751657e+04 
       1.264554270538e-02       2.443826271778e+04 
       1.277184134097e-02       2.450486823042e+04 
       1.289817595385e-02       2.456921003519e+04 
       1.302454652681e-02       2.463130610084e+04 
       1.315095306802e-02       2.469117834783e+04 
       1.327739561051e-02       2.474885890467e+04 
       1.340387421161e-02       2.480436314211e+04 
       1.353038895245e-02       2.485770048116e+04 
       1.365374112507e-02       2.490766415549e+04 
       1.365693993753e-02       2.490893276117e+04 
       1.378352729429e-02       2.495804063295e+04 
       1.391015117276e-02       2.500509585541e+04 
       1.403681174522e-02       2.505008899942e+04 
       1.416350920586e-02       2.509303510946e+04 
       1.429024377057e-02       2.513400098765e+04 
       1.441701567666e-02       2.517296237427e+04 
       1.454382518265e-02       2.520996379502e+04 
       1.467067256809e-02       2.524501908055e+04 
       1.479755813344e-02       2.527815511207e+04 
       1.492448219987e-02       2.530939573477e+04 
       1.505144510923e-02       2.533877657370e+04 
       1.517844722390e-02       2.536628124906e+04 
       1.530548892679e-02       2.539198540736e+04 
       1.543257062128e-02       2.541586172129e+04 
       1.555969273119e-02       2.543795683508e+04 
       1.568685570080e-02       2.545828321324e+04 
       1.581405999491e-02       2.547686437290e+04 
       1.594130609881e-02       2.549373061108e+04 
       1.606859451845e-02       2.550889518014e+04 
       1.619592578041e-02       2.552236892944e+04 
       1.632330043209e-02       2.553418997484e+04 
       1.645071904182e-02       2.554437595818e+04 
       1.657818219894e-02       2.555293556838e+04 
       1.670569051404e-02       2.555990181752e+04 
       1.683324461908e-02       2.556529346885e+04 
       1.696084516758e-02       2.556911718941e+04 
       1.708849283487e-02       2.557140105495e+04 
       1.721618831828e-02       2.557218250002e+04 
       1.734393233738e-02       2.557145678046e+04 
       1.747172563426e-02       2.556925138870e+04 
       1.759956897380e-02       2.556558881221e+04 
       1.772746314395e-02       2.556049156579e+04 
       1.785540895603e-02       2.555395553799e+04 
       1.798340724509e-02       2.554604938300e+04 
       1.811145887023e-02       2.553674140993e+04 
       1.823956471493e-02       2.552607367370e+04 
       1.836772568748e-02       2.551406760616e+04 
       1.849594272132e-02       2.550072249962e+04 
       1.862421677549e-02       2.548608500009e+04 
       1.875254883503e-02       2.547014776228e+04 
       1.888093991143e-02       2.545295150222e+04 
       1.900939104308e-02       2.543449669249e+04 
       1.913790329576e-02       2.541480721582e+04 
       1.926647776316e-02       2.539391641386e+04 
       1.939511556735e-02       2.537181224421e+04 
       1.952381785932e-02       2.534851906709e+04 
       1.965258581958e-02       2.532407016377e+04 
       1.978142065867e-02       2.529850644716e+04 
       1.991032361781e-02       2.527177709521e+04 
       2.003929596947e-02       2.524394327514e+04 
       2.016833901800e-02       2.521502675330e+04 
       2.029745410034e-02       2.518503606026e+04 
       2.042664258664e-02       2.515397865011e+04 
       2.055590588096e-02       2.512186184601e+04 
       2.068524542204e-02       2.508873989388e+04 
       2.081466268399e-02       2.505460491374e+04 
       2.094415917710e-02       2.501947369911e+04 
       2.107373644860e-02       2.498336046726e+04 
       2.120339608349e-02       2.494629695859e+04 
       2.133313970539e-02       2.490828277649e+04 
       2.146296897743e-02       2.486935102155e+04 
       2.159288560309e-02       2.482948337639e+04 
       2.172289132719e-02       2.478872300350e+04 
       2.185298793680e-02       2.474710782099e+04 
       2.198317726226e-02       2.470458256789e+04 
       2.211346117817e-02       2.466123666695e+04 
       2.224384160444e-02       2.461703242703e+04 
       2.237432050741e-02       2.457203921280e+04 
       2.250489990091e-02       2.452622413028e+04 
       2.263558184744e-02       2.447963010914e+04 
       2.276636845936e-02       2.443226077886e+04 
       2.289726190010e-02       2.438407886708e+04 
       2.302826438544e-02       2.433519169551e+04 
       2.315937818478e-02       2.428556446650e+04 
       2.329060562252e-02       2.423520697825e+04 
       2.342194907944e-02       2.418412143893e+04 
       2.355341099411e-02       2.413246950771e+04 
       2.368499386438e-02       2.408006047811e+04 
       2.381670024890e-02       2.402676569217e+04 
       2.394853276872e-02       2.397315693464e+04 
       2.408049410886e-02       2.391848700853e+04 
       2.421258702004e-02       2.386370637252e+04 
       2.434481432038e-02       2.380798737050e+04 
       2.447717889721e-02       2.375185047796e+04 
       2.460968370890e-02       2.369471946564e+04 
       2.474233178679e-02       2.363734404056e+04 
       2.487512623713e-02       2.357949728992e+04 
       2.500807024316e-02       2.352086436272e+04 
       2.514116706717e-02       2.346202211931e+04 
       2.527442005274e-02       2.340263965728e+04 
       2.540783262693e-02       2.334263785433e+04 
       2.554140830266e-02       2.328125050322e+04 
       2.567515068109e-02       2.322003366097e+04 
       2.580906345412e-02       2.315863903517e+04 
       2.594315040699e-02       2.309653537848e+04 
       2.607741542092e-02       2.303425674532e+04 
       2.621186247592e-02       2.297117256949e+04 
       2.634649565360e-02       2.290791146549e+04 
       2.648131914018e-02       2.284488432079e+04 
       2.661633722956e-02       2.277999332165e+04 
       2.675155432646e-02       2.271550331008e+04 
       2.688697494980e-02       2.265114744679e+04 
       2.702260373605e-02       2.258528701848e+04 
       2.715844544282e-02       2.251956991961e+04 
       2.729450495252e-02       2.245358147687e+04 
       2.743078727620e-02       2.238711953006e+04 
       2.756729755751e-02       2.232044246173e+04 
       2.770404107680e-02       2.225344108197e+04 
       2.784102325542e-02       2.218660882541e+04 
       2.797824966012e-02       2.211870554078e+04 
       2.811572600772e-02       2.205073491967e+04 
       2.825345816984e-02       2.198210975275e+04 
       2.839145217793e-02       2.191353865533e+04 
       2.852971422842e-02       2.184470549217e+04 
       2.866825068814e-02       2.177639964837e+04 
       2.880706809989e-02       2.170627964674e+04 
       2.894617318833e-02       2.163677699831e+04 
       2.908557286599e-02       2.156679962071e+04 
       2.922527423967e-02       2.149674681857e+04 
       2.936528461699e-02       2.142649708488e+04 
       2.950561151327e-02       2.135671121095e+04 
       2.964626265871e-02       2.128538579736e+04 
       2.978724600587e-02       2.121455845371e+04 
       2.992856973743e-02       2.114327057344e+04 
       3.007024227437e-02       2.107205137523e+04 
       3.021227228447e-02       2.100044851409e+04 
       3.035466869112e-02       2.092939866966e+04 
       3.049744068270e-02       2.085699060545e+04 
       3.064059772216e-02       2.078499607532e+04 
       3.078414955727e-02       2.071311871306e+04 
       3.092810623112e-02       2.064063965342e+04 
       3.107247809328e-02       2.056823627209e+04 
       3.121727581141e-02       2.049563435690e+04 
       3.136251038344e-02       2.042304397964e+04 
       3.150819315026e-02       2.035015171634e+04 
       3.165433580918e-02       2.027746004591e+04 
       3.180095042788e-02       2.020457011632e+04 
       3.194804945918e-02       2.013114391301e+04 
       3.209564575643e-02       2.005797964665e+04 
       3.224375258975e-02       1.998456643205e+04 
       3.239238366311e-02       1.991125256830e+04 
       3.254155313219e-02       1.983765277954e+04 
       3.269127562329e-02       1.976391366758e+04 
       3.284156625309e-02       1.969056377151e+04 
       3.299244064961e-02       1.961698563011e+04 
       3.314391497415e-02       1.954311774028e+04 
       3.329600594452e-02       1.946912633141e+04 
       3.344873085946e-02       1.939492237214e+04 
       3.360210762447e-02       1.932088920516e+04 
       3.375615477904e-02       1.924719269063e+04 
       3.391089152544e-02       1.917287354623e+04 
       3.406633775914e-02       1.909853227695e+04 
       3.422251410098e-02       1.902427665703e+04 
       3.437944193124e-02       1.895041501843e+04 
       3.453714342572e-02       1.887618593703e+04 
       3.469564159391e-02       1.880168768218e+04 
       3.485496031959e-02       1.872724117628e+04 
       3.501512440381e-02       1.865253610375e+04 
       3.517615961053e-02       1.857837741134e+04 
       3.533809271520e-02       1.850369217963e+04 
       3.550095155638e-02       1.842917072357e+04 
       3.566476509059e-02       1.835446715983e+04 
       3.582956345090e-02       1.827997139143e+04 
       3.599537800921e-02       1.820532182242e+04 
       3.616224144278e-02       1.813092058930e+04 
       3.633018780522e-02       1.805619866080e+04 
       3.649925260238e-02       1.798105777343e+04 
       3.666947287342e-02       1.790649523829e+04 
       3.684088727768e-02       1.783152870633e+04 
       3.701353618767e-02       1.775704917829e+04 
       3.718746178881e-02       1.768184100288e+04 
       3.736270818650e-02       1.760689949555e+04 
       3.753932152108e-02       1.753210085206e+04 
       3.771735009151e-02       1.745698133992e+04 
       3.789684448856e-02       1.738203286048e+04 
       3.807785773819e-02       1.730696989148e+04 
       3.826044545641e-02       1.723236772828e+04 
       3.844466601636e-02       1.715670024883e+04 
       3.863058072912e-02       1.708180400379e+04 
       3.881825403931e-02       1.700665976813e+04 
       3.900775373718e-02       1.693111413312e+04 
       3.919915118867e-02       1.685548703970e+04 
       3.939252158552e-02       1.678013548006e+04 
       3.958794421722e-02       1.670450428693e+04 
       3.978550276748e-02       1.662925103346e+04 
       3.998528563753e-02       1.655344683597e+04 
       4.018738629947e-02       1.647753573175e+04 
       4.039190368285e-02       1.640176700787e+04 
       4.059894259839e-02       1.632556420206e+04 
       4.080861420303e-02       1.624935116595e+04 
       4.102103651135e-02       1.617332738763e+04 
       4.123633495873e-02       1.609702756924e+04 
       4.145464302275e-02       1.602042792783e+04 
       4.167610291004e-02       1.594371503568e+04 
       4.190086631689e-02       1.586657526412e+04 
       4.212909527328e-02       1.578967060471e+04 
       4.236096308119e-02       1.571234979153e+04 
       4.259665536020e-02       1.563479791459e+04 
       4.283637121485e-02       1.555734745433e+04 
       4.308032454123e-02       1.547952805326e+04 
       4.332874549257e-02       1.540107273262e+04 
       4.358188212733e-02       1.532255469757e+04 
       4.384000226720e-02       1.524411451486e+04 
       4.410339559722e-02       1.516498082863e+04 
       4.437237604613e-02       1.508574537761e+04 
       4.464728449199e-02       1.500554943269e+04 
       4.492849184662e-02       1.492533672086e+04 
       4.521640258286e-02       1.484484499658e+04 
       4.551145878105e-02       1.476359501084e+04 
       4.581414478669e-02       1.468242810714e+04 
       4.612499259042e-02       1.459985547623e+04 
       4.644458806457e-02       1.451731651847e+04 
       4.677357822008e-02       1.443389514935e+04 
       4.711267968374e-02       1.435020481344e+04 
       4.746268864115e-02       1.426499382940e+04 
       4.782449254793e-02       1.417957981218e+04 
       4.819908398384e-02       1.409324611951e+04 
       4.858757711544e-02       1.400589407302e+04 
       4.899122734876e-02       1.391748144634e+04 
       4.941145490069e-02       1.382842411622e+04 
       4.984987320553e-02       1.373793547523e+04 
       5.030832331237e-02       1.364566653413e+04 
       5.078891573332e-02       1.355192383067e+04 
       5.129408158764e-02       1.345700755702e+04 
       5.182663536882e-02       1.336020891994e+04 
       5.238985225398e-02       1.326083843453e+04 
       5.298756357876e-02       1.315956420852e+04 
       5.362427488643e-02       1.305516022981e+04 
       5.430531172732e-02       1.294757387671e+04 
       5.503699888707e-02       1.283622490575e+04 
       5.582687841361e-02       1.272084180665e+04 
       5.668396957533e-02       1.260058580139e+04 
       5.761906753035e-02       1.247388170342e+04 
       5.864506299435e-02       1.233895526520e+04 
       5.977723569834e-02       1.219471279821e+04 
       6.103341976173e-02       1.203788548374e+04 
       6.243384855685e-02       1.186494267323e+04 
       6.400036196696e-02       1.167135586606e+04 
       6.575454963443e-02       1.145062755570e+04 
       6.771446641855e-02       1.119692456778e+04 
       6.989006944543e-02       1.090151165216e+04 
       7.227864884879e-02       1.055887269350e+04 
       7.486267277108e-02       1.016682560169e+04 
       7.761212150076e-02       9.728933193177e+03 
       8.049081394618e-02       9.256413061181e+03 
       8.346354658450e-02       8.765333381745e+03 
       8.650089508571e-02       8.274429557145e+03 
       8.958079831471e-02       7.802255382953e+03 
       9.268791548944e-02       7.364602774402e+03 
       9.581210192839e-02       6.972606418438e+03 
       9.894686368717e-02       6.632698455318e+03 
       1.020881283099e-01       6.346525844590e+03 
       1.052333742697e-01       6.111599753506e+03 
       1.083810524625e-01       5.922123298005e+03 
       1.115302156473e-01       5.769822455007e+03 
       1.146802861836e-01       5.645227968184e+03 
       1.178309123281e-01       5.537557205326e+03 
       1.209818800150e-01       5.437247956123e+03 
       1.241330589507e-01       5.335339304650e+03 
       1.272843697688e-01       5.224710138607e+03 
       1.304357640513e-01       5.100992333554e+03 
       1.335872121867e-01       4.962409460340e+03 
       1.365374112507e-01       4.819694250259e+03 
       1.367386959966e-01       4.809411438994e+03 
       1.398902042570e-01       4.645553516461e+03 
       1.430417299799e-01       4.474903100467e+03 
       1.461932687616e-01       4.303274061075e+03 
       1.493448177797e-01       4.136029118272e+03 
       1.524963751828e-01       3.978272001040e+03 
       1.556479397195e-01       3.833869197116e+03 
       1.587995105124e-01       3.705482357591e+03 
       1.619510869195e-01       3.594255677650e+03 
       1.651026684502e-01       3.500030742430e+03 
       1.682542547128e-01       3.421555157667e+03 
       1.714058453823e-01       3.356650829625e+03 
       1.745574401805e-01       3.302759652692e+03 
       1.777090388630e-01       3.256478786153e+03 
       1.808606412112e-01       3.214288672789e+03 
       1.840122470266e-01       3.172789353835e+03 
       1.871638561277e-01       3.129374972619e+03 
       1.903154683466e-01       3.081547193760e+03 
       1.934670835279e-01       3.028729472806e+03 
       1.966187015269e-01       2.970574863761e+03 
       1.997703222084e-01       2.907238296714e+03 
       2.029219454462e-01       2.840504567161e+03 
       2.060735711216e-01       2.771542678229e+03 
       2.092251991237e-01       2.702174286181e+03 
       2.123768293480e-01       2.634194345998e+03 
       2.155284616962e-01       2.569188449754e+03 
       2.186800960758e-01       2.508543080926e+03 
       2.218317323996e-01       2.453176177073e+03 
       2.249833705854e-01       2.403657155522e+03 
       2.281350105553e-01       2.360075670227e+03 
       2.312866522360e-01       2.322123447032e+03 
       2.344382955581e-01       2.288864955957e+03 
       2.375899404557e-01       2.259447656687e+03 
       2.407415868666e-01       2.232850624333e+03 
       2.438932347317e-01       2.207808291580e+03 
       2.470448839951e-01       2.183427492907e+03 
       2.501965346035e-01       2.158712473373e+03 
       2.533481865065e-01       2.132976372117e+03 
       2.564998396561e-01       2.105789023867e+03 
       2.596514940065e-01       2.076785066897e+03 
       2.628031495144e-01       2.046210677623e+03 
       2.659548061382e-01       2.014266693334e+03 
       2.691064638387e-01       1.981585633620e+03 
       2.722581225782e-01       1.948705448837e+03 
       2.754097823208e-01       1.916307129434e+03 
       2.785614430322e-01       1.884901096407e+03 
       2.817131046799e-01       1.855032174308e+03 
       2.848647672325e-01       1.826915100176e+03 
       2.880164306601e-01       1.800756374797e+03 
       2.911680949343e-01       1.776704665342e+03 
       2.943197600276e-01       1.754639027942e+03 
       2.974714259139e-01       1.734381493908e+03 
       3.006230925681e-01       1.715666446855e+03 
       3.037747599662e-01       1.698115826088e+03 
       3.069264280852e-01       1.681437829651e+03 
       3.100780969029e-01       1.665160762995e+03 
       3.132297663982e-01       1.649046224019e+03 
       3.163814365508e-01       1.632790858600e+03 
       3.195331073410e-01       1.616264017947e+03 
       3.226847787501e-01       1.599381294806e+03 
       3.258364507601e-01       1.582115687933e+03 
       3.289881233535e-01       1.564545549215e+03 
       3.321397965138e-01       1.546771712970e+03 
       3.352914702249e-01       1.528952322670e+03 
       3.384431444713e-01       1.511280626327e+03 
       3.415948192380e-01       1.493938853757e+03 
       3.447464945109e-01       1.477120920765e+03 
       3.478981702760e-01       1.460899816070e+03 
       3.510498465201e-01       1.445436730986e+03 
       3.542015232302e-01       1.430720911566e+03 
       3.573532003941e-01       1.416752796224e+03 
       3.605048779998e-01       1.403471254479e+03 
       3.636565560356e-01       1.390803860230e+03 
       3.668082344906e-01       1.378658859225e+03 
       3.699599133539e-01       1.366944336287e+03 
       3.731115926152e-01       1.355555216644e+03 
       3.762632722643e-01       1.344374332743e+03 
       3.794149522917e-01       1.333319916344e+03 
       3.825666326879e-01       1.322301713693e+03 
       3.857183134438e-01       1.311304446114e+03 
       3.888699945507e-01       1.300263198279e+03 
       3.920216760000e-01       1.289253414810e+03 
       3.951733577835e-01       1.278233009567e+03 
       3.983250398933e-01       1.267264239106e+03 
       4.014767223217e-01       1.256382819271e+03 
       4.046284050611e-01       1.245638143743e+03 
       4.077800881044e-01       1.235062361393e+03 
       4.109317714445e-01       1.224716325302e+03 
       4.140834550746e-01       1.214616257754e+03 
       4.172351389881e-01       1.204817863147e+03 
       4.203868231787e-01       1.195330786933e+03 
       4.235385076401e-01       1.186146114866e+03 
       4.266901923662e-01       1.177238287240e+03 
       4.298418773513e-01       1.168599211581e+03 
       4.329935625897e-01       1.160193104677e+03 
       4.361452480758e-01       1.151990999317e+03 
       4.392969338044e-01       1.143912787105e+03 
       4.424486197701e-01       1.135993568301e+03 
       4.456003059680e-01       1.128184246739e+03 
       4.487519923932e-01       1.120418263498e+03 
       4.519036790409e-01       1.112728793972e+03 
       4.550553659063e-01       1.105084057685e+03 
       4.582070529852e-01       1.097483151931e+03 
       4.613587402729e-01       1.089950797991e+03 
       4.645104277653e-01       1.082469281002e+03 
       4.676621154583e-01       1.075076200660e+03 
       4.708138033477e-01       1.067784659392e+03 
       4.739654914297e-01       1.060589742696e+03 
       4.771171797004e-01       1.053540602420e+03 
       4.802688681561e-01       1.046634395069e+03 
       4.834205567932e-01       1.039854399477e+03 
       4.865722456081e-01       1.033210306175e+03 
       4.897239345974e-01       1.026704896075e+03 
       4.928756237577e-01       1.020333072101e+03 
       4.960273130858e-01       1.014085292901e+03 
       4.991790025784e-01       1.007948501823e+03 
       5.023306922326e-01       1.001894028775e+03 
       5.054823820451e-01       9.959390848997e+02 
       5.086340720131e-01       9.900740052117e+02 
       5.117857621337e-01       9.842644066678e+02 
       5.149374524042e-01       9.785188495872e+02 
       5.180891428216e-01       9.728363180293e+02 
       5.212408333834e-01       9.672135317716e+02 
       5.243925240870e-01       9.616474573370e+02 
       5.275442149298e-01       9.561372859057e+02 
       5.306959059094e-01       9.506724457342e+02 
       5.338475970232e-01       9.452913243698e+02 
       5.369992882689e-01       9.399624397981e+02 
       5.401509796443e-01       9.346956580234e+02 
       5.433026711470e-01       9.295090656973e+02 
       5.464543627748e-01       9.243977470370e+02 
       5.496060545256e-01       9.193709764680e+02 
       5.527577463973e-01       9.144042786123e+02 
       5.559094383878e-01       9.095074587252e+02 
       5.590611304951e-01       9.046795953871e+02 
       5.622128227172e-01       8.999086331209e+02 
       5.653645150522e-01       8.952150431034e+02 
       5.685162074982e-01       8.905834870772e+02 
       5.968567095013e-01       8.511407800957e+02 
       6.292366042054e-01       8.104552865103e+02 
       6.672323440491e-01       7.679600266380e+02 
       7.135027653463e-01       7.222087665668e+02 
       7.729064154028e-01       6.711313450789e+02 
       8.551354834100e-01       6.111139080147e+02 
       9.805125565127e-01       5.364471088526e+02 
       1.183883298711e+00       4.432144281769e+02 
       1.365374112507e+00       3.788346225101e+02 
       1.481729156680e+00       3.441796093651e+02 
       1.865079177292e+00       2.559324258565e+02 
       2.347993288388e+00       1.827169940939e+02 
       2.955948414703e+00       1.255996548377e+02 
       3.721318575222e+00       8.359226239246e+01 
       4.684862519729e+00       5.419342083464e+01 
       5.897892476849e+00       3.441652780106e+01 
       7.425006715135e+00       2.151327923765e+01 
       9.347529636426e+00       1.328759020983e+01 
       1.176784259680e+01       8.133864276183e+00 
       1.481483608710e+01       4.946037885205e+00 
       1.865077362162e+01       2.992798240089e+00 
       2.347993286187e+01       1.804324622610e+00 
       2.955948414703e+01       1.084880965022e+00 
       3.721318575222e+01       6.510055514901e-01 
       4.684862519729e+01       3.900745326415e-01 
       5.897892476849e+01       2.334731639280e-01 
