# Matter power spectrum P(k) at redshift z=0
# for k=1.04952e-05 to 58.9789 h/Mpc,
# number of wavenumbers equal to 575
#    1:k (h/Mpc)              2:P (Mpc/h)^3        
       1.049521996540e-05       4.648495023756e+01 
       2.312703140351e-05       9.977543706123e+01 
       3.580220203963e-05       1.522331791258e+02 
       4.855352787053e-05       2.043792422378e+02 
       6.141433211936e-05       2.565170092937e+02 
       7.441875102904e-05       3.088771820678e+02 
       8.760202852808e-05       3.616589024446e+02 
       1.010008235465e-04       4.150467009714e+02 
       1.146535337898e-04       4.692192207392e+02 
       1.286006398104e-04       5.243545080082e+02 
       1.428850732267e-04       5.805684797142e+02 
       1.575526129020e-04       6.381647763525e+02 
       1.726523127585e-04       6.972856380447e+02 
       1.882369646229e-04       7.581368631807e+02 
       2.043635989836e-04       8.209368547526e+02 
       2.210940257026e-04       8.859187235395e+02 
       2.384954154191e-04       9.533323092290e+02 
       2.566409204418e-04       1.023446271595e+03 
       2.756103311382e-04       1.096550147117e+03 
       2.954907599292e-04       1.172956388413e+03 
       3.163773396783e-04       1.253002350704e+03 
       3.383739161997e-04       1.337052084928e+03 
       3.615937054699e-04       1.425497901947e+03 
       3.861598746494e-04       1.518761489029e+03 
       4.122059921309e-04       1.617294447797e+03 
       4.398762757783e-04       1.721577926779e+03 
       4.693255511264e-04       1.832121108751e+03 
       5.007188142551e-04       1.949458174437e+03 
       5.342302801493e-04       2.074143346247e+03 
       5.700417908375e-04       2.206743628641e+03 
       6.083404640704e-04       2.347828848678e+03 
       6.493154893013e-04       2.497958818027e+03 
       6.931540295049e-04       2.657667506579e+03 
       7.400362688145e-04       2.827444482608e+03 
       7.901297556666e-04       3.007714351067e+03 
       8.435833195405e-04       3.198815198210e+03 
       9.005209670199e-04       3.400977628031e+03 
       9.610362618295e-04       3.614306324311e+03 
       1.025187732878e-03       3.838765986390e+03 
       1.092995810025e-03       4.074173586618e+03 
       1.164441652253e-03       4.320197985091e+03 
       1.239468023948e-03       4.576328983077e+03 
       1.317982131218e-03       4.841985824119e+03 
       1.365374112507e-03       5.001182183558e+03 
       1.399860102217e-03       5.116482026344e+03 
       1.484952629637e-03       5.399033935745e+03 
       1.573091217505e-03       5.688803251540e+03 
       1.664094490714e-03       5.984923108357e+03 
       1.757774114867e-03       6.286519656494e+03 
       1.853940004620e-03       6.592733302985e+03 
       1.952404638443e-03       6.902733364599e+03 
       2.052986422001e-03       7.215730272480e+03 
       2.155512137086e-03       7.530984161836e+03 
       2.259818574702e-03       7.847808921283e+03 
       2.365753482517e-03       8.165576054307e+03 
       2.473175965450e-03       8.483711210001e+03 
       2.581956471182e-03       8.801698803758e+03 
       2.691976476543e-03       9.119072044803e+03 
       2.803127971240e-03       9.435414899030e+03 
       2.915312815527e-03       9.750357613160e+03 
       3.028442030286e-03       1.006357026155e+04 
       3.142435062419e-03       1.037476489161e+04 
       3.257219055803e-03       1.068368233240e+04 
       3.372728148150e-03       1.099009944043e+04 
       3.488902806543e-03       1.129381676525e+04 
       3.605689208915e-03       1.159466535589e+04 
       3.723038674752e-03       1.189249182175e+04 
       3.840907145565e-03       1.218716704161e+04 
       3.959254713861e-03       1.247857887559e+04 
       4.078045198199e-03       1.276662989039e+04 
       4.197245761236e-03       1.305124028339e+04 
       4.316826567374e-03       1.333233657914e+04 
       4.436760476516e-03       1.360986513733e+04 
       4.557022770484e-03       1.388377693016e+04 
       4.677590908857e-03       1.415402826050e+04 
       4.798444311143e-03       1.442059235244e+04 
       4.919564162495e-03       1.468344484857e+04 
       5.040933240388e-03       1.494257034258e+04 
       5.162535759947e-03       1.519795554008e+04 
       5.284357235852e-03       1.544958654316e+04 
       5.406384358951e-03       1.569746994985e+04 
       5.528604885928e-03       1.594159701415e+04 
       5.651007540563e-03       1.618197818012e+04 
       5.773581925274e-03       1.641862328230e+04 
       5.896318441787e-03       1.665153523442e+04 
       6.019208219924e-03       1.688073000893e+04 
       6.142243053592e-03       1.710622529374e+04 
       6.265415343199e-03       1.732802959412e+04 
       6.388718043770e-03       1.754616949850e+04 
       6.512144618156e-03       1.776066613293e+04 
       6.635688994790e-03       1.797153513750e+04 
       6.759345529484e-03       1.817880058793e+04 
       6.883108970869e-03       1.838249203829e+04 
       7.006974429057e-03       1.858262188938e+04 
       7.130937347233e-03       1.877922661897e+04 
       7.254993475829e-03       1.897233261331e+04 
       7.379138849064e-03       1.916196385494e+04 
       7.503369763566e-03       1.934813632949e+04 
       7.627682758903e-03       1.953090161250e+04 
       7.752074599819e-03       1.971026291852e+04 
       7.876542260001e-03       1.988624984329e+04 
       8.001082907249e-03       2.005890578473e+04 
       8.125693889895e-03       2.022826348775e+04 
       8.250372724364e-03       2.039433915180e+04 
       8.375117083770e-03       2.055715563115e+04 
       8.499924787441e-03       2.071676185478e+04 
       8.624793791300e-03       2.087317112049e+04 
       8.749722179018e-03       2.102641645796e+04 
       8.874708153873e-03       2.117652285994e+04 
       8.999750031245e-03       2.132351881508e+04 
       9.124846231701e-03       2.146745940660e+04 
       9.249995274615e-03       2.160834584653e+04 
       9.375195772273e-03       2.174621220947e+04 
       9.500446424428e-03       2.188109404319e+04 
       9.625746013265e-03       2.201300932904e+04 
       9.751093398737e-03       2.214199778239e+04 
       9.876487514253e-03       2.226808591490e+04 
       1.000192736268e-02       2.239129726036e+04 
       1.012741201262e-02       2.251166034554e+04 
       1.025294059501e-02       2.262920015157e+04 
       1.037851229988e-02       2.274396642950e+04 
       1.050412637342e-02       2.285594979272e+04 
       1.062978211522e-02       2.296520970293e+04 
       1.075547887571e-02       2.307175974312e+04 
       1.088121605378e-02       2.317563066388e+04 
       1.100699309458e-02       2.327685518137e+04 
       1.113280948744e-02       2.337544307149e+04 
       1.125866476396e-02       2.347144285101e+04 
       1.138455849626e-02       2.356486084179e+04 
       1.151049029527e-02       2.365573549959e+04 
       1.163645980924e-02       2.374409444862e+04 
       1.176246672226e-02       2.382995776513e+04 
       1.188851075295e-02       2.391335608807e+04 
       1.201459165321e-02       2.399430982868e+04 
       1.214070920707e-02       2.407284664278e+04 
       1.226686322961e-02       2.414898898190e+04 
       1.239305356596e-02       2.422277489641e+04 
       1.251928009038e-02       2.429421979278e+04 
       1.264554270538e-02       2.436334159362e+04 
       1.277184134097e-02       2.443016747284e+04 
       1.289817595385e-02       2.449473262285e+04 
       1.302454652681e-02       2.455705807909e+04 
       1.315095306802e-02       2.461716808110e+04 
       1.327739561051e-02       2.467509439163e+04 
       1.340387421161e-02       2.473085100209e+04 
       1.353038895245e-02       2.478444637828e+04 
       1.365374112507e-02       2.483466548875e+04 
       1.365693993753e-02       2.483594016279e+04 
       1.378352729429e-02       2.488532883546e+04 
       1.391015117276e-02       2.493263513222e+04 
       1.403681174522e-02       2.497789925440e+04 
       1.416350920586e-02       2.502113463068e+04 
       1.429024377057e-02       2.506235981779e+04 
       1.441701567666e-02       2.510159520298e+04 
       1.454382518265e-02       2.513888847704e+04 
       1.467067256809e-02       2.517423453807e+04 
       1.479755813344e-02       2.520766099893e+04 
       1.492448219987e-02       2.523919910664e+04 
       1.505144510923e-02       2.526885540150e+04 
       1.517844722390e-02       2.529667976288e+04 
       1.530548892679e-02       2.532267801452e+04 
       1.543257062128e-02       2.534685960234e+04 
       1.555969273119e-02       2.536926703756e+04 
       1.568685570080e-02       2.538989491524e+04 
       1.581405999491e-02       2.540878482904e+04 
       1.594130609881e-02       2.542596339261e+04 
       1.606859451845e-02       2.544144158086e+04 
       1.619592578041e-02       2.545523822069e+04 
       1.632330043209e-02       2.546737890537e+04 
       1.645071904182e-02       2.547788658544e+04 
       1.657818219894e-02       2.548676071717e+04 
       1.670569051404e-02       2.549406610401e+04 
       1.683324461908e-02       2.549977689656e+04 
       1.696084516758e-02       2.550393332930e+04 
       1.708849283487e-02       2.550655396533e+04 
       1.721618831828e-02       2.550765730242e+04 
       1.734393233738e-02       2.550725832330e+04 
       1.747172563426e-02       2.550540098544e+04 
       1.759956897380e-02       2.550207234561e+04 
       1.772746314395e-02       2.549730401132e+04 
       1.785540895603e-02       2.549112048198e+04 
       1.798340724509e-02       2.548353641933e+04 
       1.811145887023e-02       2.547456292674e+04 
       1.823956471493e-02       2.546424097023e+04 
       1.836772568748e-02       2.545257437012e+04 
       1.849594272132e-02       2.543957441321e+04 
       1.862421677549e-02       2.542528071506e+04 
       1.875254883503e-02       2.540968567792e+04 
       1.888093991143e-02       2.539282556779e+04 
       1.900939104308e-02       2.537471524184e+04 
       1.913790329576e-02       2.535535330067e+04 
       1.926647776316e-02       2.533482492808e+04 
       1.939511556735e-02       2.531306217861e+04 
       1.952381785932e-02       2.529011626389e+04 
       1.965258581958e-02       2.526602876974e+04 
       1.978142065867e-02       2.524079172215e+04 
       1.991032361781e-02       2.521441212040e+04 
       2.003929596947e-02       2.518692543600e+04 
       2.016833901800e-02       2.515835042170e+04 
       2.029745410034e-02       2.512871089182e+04 
       2.042664258664e-02       2.509796699785e+04 
       2.055590588096e-02       2.506624676156e+04 
       2.068524542204e-02       2.503344718716e+04 
       2.081466268399e-02       2.499965869222e+04 
       2.094415917710e-02       2.496487079311e+04 
       2.107373644860e-02       2.492910629360e+04 
       2.120339608349e-02       2.489238842297e+04 
       2.133313970539e-02       2.485472330551e+04 
       2.146296897743e-02       2.481610858921e+04 
       2.159288560309e-02       2.477660495248e+04 
       2.172289132719e-02       2.473622387988e+04 
       2.185298793680e-02       2.469491512634e+04 
       2.198317726226e-02       2.465274477281e+04 
       2.211346117817e-02       2.460972900132e+04 
       2.224384160444e-02       2.456586838581e+04 
       2.237432050741e-02       2.452122103750e+04 
       2.250489990091e-02       2.447574017766e+04 
       2.263558184744e-02       2.442948343437e+04 
       2.276636845936e-02       2.438241289055e+04 
       2.289726190010e-02       2.433464137521e+04 
       2.302826438544e-02       2.428605873360e+04 
       2.315937818478e-02       2.423675142767e+04 
       2.329060562252e-02       2.418674325321e+04 
       2.342194907944e-02       2.413599819944e+04 
       2.355341099411e-02       2.408459022357e+04 
       2.368499386438e-02       2.403259132254e+04 
       2.381670024890e-02       2.397976642782e+04 
       2.394853276872e-02       2.392635072081e+04 
       2.408049410886e-02       2.387213013027e+04 
       2.421258702004e-02       2.381741198532e+04 
       2.434481432038e-02       2.376195108479e+04 
       2.447717889721e-02       2.370606678383e+04 
       2.460968370890e-02       2.364974115380e+04 
       2.474233178679e-02       2.359257207369e+04 
       2.487512623713e-02       2.353496118915e+04 
       2.500807024316e-02       2.347671118944e+04 
       2.514116706717e-02       2.341817885562e+04 
       2.527442005274e-02       2.335908629223e+04 
       2.540783262693e-02       2.329933885967e+04 
       2.554140830266e-02       2.323916993876e+04 
       2.567515068109e-02       2.317796503487e+04 
       2.580906345412e-02       2.311684658480e+04 
       2.594315040699e-02       2.305498631075e+04 
       2.607741542092e-02       2.299282499000e+04 
       2.621186247592e-02       2.293012819898e+04 
       2.634649565360e-02       2.286735893036e+04 
       2.648131914018e-02       2.280359995292e+04 
       2.661633722956e-02       2.273975590618e+04 
       2.675155432646e-02       2.267561025354e+04 
       2.688697494980e-02       2.261117720338e+04 
       2.702260373605e-02       2.254588151373e+04 
       2.715844544282e-02       2.248080161464e+04 
       2.729450495252e-02       2.241492015877e+04 
       2.743078727620e-02       2.234885766000e+04 
       2.756729755751e-02       2.228264547539e+04 
       2.770404107680e-02       2.221560310339e+04 
       2.784102325542e-02       2.214851440156e+04 
       2.797824966012e-02       2.208100447709e+04 
       2.811572600772e-02       2.201347869676e+04 
       2.825345816984e-02       2.194549193148e+04 
       2.839145217793e-02       2.187720806962e+04 
       2.852971422842e-02       2.180870499938e+04 
       2.866825068814e-02       2.173984738957e+04 
       2.880706809989e-02       2.167084888150e+04 
       2.894617318833e-02       2.160147839107e+04 
       2.908557286599e-02       2.153193109585e+04 
       2.922527423967e-02       2.146211310142e+04 
       2.936528461699e-02       2.139220468752e+04 
       2.950561151327e-02       2.132205252701e+04 
       2.964626265871e-02       2.125155284869e+04 
       2.978724600587e-02       2.118123495558e+04 
       2.992856973743e-02       2.111007380672e+04 
       3.007024227437e-02       2.103905293624e+04 
       3.021227228447e-02       2.096783576334e+04 
       3.035466869112e-02       2.089644551098e+04 
       3.049744068270e-02       2.082492722742e+04 
       3.064059772216e-02       2.075318171471e+04 
       3.078414955727e-02       2.068149053920e+04 
       3.092810623112e-02       2.060938497095e+04 
       3.107247809328e-02       2.053732843503e+04 
       3.121727581141e-02       2.046486130491e+04 
       3.136251038344e-02       2.039242318212e+04 
       3.150819315026e-02       2.031999966392e+04 
       3.165433580918e-02       2.024738223359e+04 
       3.180095042788e-02       2.017453831635e+04 
       3.194804945918e-02       2.010164799296e+04 
       3.209564575643e-02       2.002858207217e+04 
       3.224375258975e-02       1.995556061623e+04 
       3.239238366311e-02       1.988243817390e+04 
       3.254155313219e-02       1.980909952870e+04 
       3.269127562329e-02       1.973581347856e+04 
       3.284156625309e-02       1.966244104778e+04 
       3.299244064961e-02       1.958896875883e+04 
       3.314391497415e-02       1.951537915107e+04 
       3.329600594452e-02       1.944162486064e+04 
       3.344873085946e-02       1.936790397371e+04 
       3.360210762447e-02       1.929433695922e+04 
       3.375615477904e-02       1.922041612063e+04 
       3.391089152544e-02       1.914649945564e+04 
       3.406633775914e-02       1.907256708049e+04 
       3.422251410098e-02       1.899851228516e+04 
       3.437944193124e-02       1.892446421991e+04 
       3.453714342572e-02       1.885053170780e+04 
       3.469564159391e-02       1.877629901435e+04 
       3.485496031959e-02       1.870207812376e+04 
       3.501512440381e-02       1.862794809211e+04 
       3.517615961053e-02       1.855365179286e+04 
       3.533809271520e-02       1.847952639690e+04 
       3.550095155638e-02       1.840513203499e+04 
       3.566476509059e-02       1.833080759625e+04 
       3.582956345090e-02       1.825642153804e+04 
       3.599537800921e-02       1.818221623180e+04 
       3.616224144278e-02       1.810758707470e+04 
       3.633018780522e-02       1.803315004810e+04 
       3.649925260238e-02       1.795873691686e+04 
       3.666947287342e-02       1.788439410554e+04 
       3.684088727768e-02       1.780949465341e+04 
       3.701353618767e-02       1.773497175740e+04 
       3.718746178881e-02       1.766050863459e+04 
       3.736270818650e-02       1.758560667540e+04 
       3.753932152108e-02       1.751080625636e+04 
       3.771735009151e-02       1.743616868775e+04 
       3.789684448856e-02       1.736131855134e+04 
       3.807785773819e-02       1.728648878873e+04 
       3.826044545641e-02       1.721202559810e+04 
       3.844466601636e-02       1.713700627092e+04 
       3.863058072912e-02       1.706177781399e+04 
       3.881825403931e-02       1.698663725849e+04 
       3.900775373718e-02       1.691158543329e+04 
       3.919915118867e-02       1.683646118595e+04 
       3.939252158552e-02       1.676139847674e+04 
       3.958794421722e-02       1.668583012018e+04 
       3.978550276748e-02       1.661039147241e+04 
       3.998528563753e-02       1.653485633216e+04 
       4.018738629947e-02       1.645935060327e+04 
       4.039190368285e-02       1.638388638944e+04 
       4.059894259839e-02       1.630810787772e+04 
       4.080861420303e-02       1.623215559828e+04 
       4.102103651135e-02       1.615586981178e+04 
       4.123633495873e-02       1.607996060883e+04 
       4.145464302275e-02       1.600328814177e+04 
       4.167610291004e-02       1.592682441982e+04 
       4.190086631689e-02       1.585042686867e+04 
       4.212909527328e-02       1.577339423468e+04 
       4.236096308119e-02       1.569669281852e+04 
       4.259665536020e-02       1.561926656736e+04 
       4.283637121485e-02       1.554154388882e+04 
       4.308032454123e-02       1.546391535301e+04 
       4.332874549257e-02       1.538592980620e+04 
       4.358188212733e-02       1.530764935652e+04 
       4.384000226720e-02       1.522928165548e+04 
       4.410339559722e-02       1.515038078082e+04 
       4.437237604613e-02       1.507092835599e+04 
       4.464728449199e-02       1.499139214126e+04 
       4.492849184662e-02       1.491131552097e+04 
       4.521640258286e-02       1.483091625744e+04 
       4.551145878105e-02       1.475013112615e+04 
       4.581414478669e-02       1.466894856437e+04 
       4.612499259042e-02       1.458681596023e+04 
       4.644458806457e-02       1.450437016271e+04 
       4.677357822008e-02       1.442120543809e+04 
       4.711267968374e-02       1.433744601581e+04 
       4.746268864115e-02       1.425323033441e+04 
       4.782449254793e-02       1.416765948206e+04 
       4.819908398384e-02       1.408163398712e+04 
       4.858757711544e-02       1.399441657441e+04 
       4.899122734876e-02       1.390640681462e+04 
       4.941145490069e-02       1.381715944191e+04 
       4.984987320553e-02       1.372678787895e+04 
       5.030832331237e-02       1.363520115046e+04 
       5.078891573332e-02       1.354199114792e+04 
       5.129408158764e-02       1.344681775516e+04 
       5.182663536882e-02       1.335004180803e+04 
       5.238985225398e-02       1.325120455404e+04 
       5.298756357877e-02       1.315022217077e+04 
       5.362427488643e-02       1.304599311937e+04 
       5.430531172732e-02       1.293896814731e+04 
       5.503699888707e-02       1.282830558323e+04 
       5.582687841361e-02       1.271310476997e+04 
       5.668396957533e-02       1.259287010079e+04 
       5.761906753035e-02       1.246638235999e+04 
       5.864506299435e-02       1.233193430721e+04 
       5.977723569834e-02       1.218794513338e+04 
       6.103341976173e-02       1.203147821536e+04 
       6.243384855685e-02       1.185933106946e+04 
       6.400036196696e-02       1.166614709009e+04 
       6.575454963443e-02       1.144631929746e+04 
       6.771446641855e-02       1.119275272413e+04 
       6.989006944543e-02       1.089837190991e+04 
       7.227864884879e-02       1.055626472305e+04 
       7.486267277108e-02       1.016444753340e+04 
       7.761212150076e-02       9.727690423207e+03 
       8.049081394618e-02       9.255386093093e+03 
       8.346354658450e-02       8.764733205024e+03 
       8.650089508571e-02       8.274459640271e+03 
       8.958079831471e-02       7.802373836018e+03 
       9.268791548944e-02       7.365009409128e+03 
       9.581210192839e-02       6.973133744808e+03 
       9.894686368717e-02       6.633436488210e+03 
       1.020881283099e-01       6.347296793242e+03 
       1.052333742697e-01       6.112539333493e+03 
       1.083810524625e-01       5.923355701624e+03 
       1.115302156473e-01       5.771181577470e+03 
       1.146802861836e-01       5.646664059041e+03 
       1.178309123281e-01       5.539353928273e+03 
       1.209818800150e-01       5.439271723416e+03 
       1.241330589507e-01       5.337524847956e+03 
       1.272843697688e-01       5.227122064095e+03 
       1.304357640513e-01       5.103665642254e+03 
       1.335872121867e-01       4.965057926220e+03 
       1.365374112507e-01       4.822386977910e+03 
       1.367386959966e-01       4.812129851663e+03 
       1.398902042570e-01       4.648144607886e+03 
       1.430417299799e-01       4.477583801203e+03 
       1.461932687616e-01       4.305901788710e+03 
       1.493448177797e-01       4.138664461711e+03 
       1.524963751828e-01       3.980891279825e+03 
       1.556479397195e-01       3.836258794897e+03 
       1.587995105124e-01       3.707911143429e+03 
       1.619510869195e-01       3.596644514493e+03 
       1.651026684502e-01       3.502490733189e+03 
       1.682542547128e-01       3.424115501175e+03 
       1.714058453823e-01       3.359187219629e+03 
       1.745574401805e-01       3.305195296247e+03 
       1.777090388630e-01       3.258555705935e+03 
       1.808606412112e-01       3.216633893632e+03 
       1.840122470266e-01       3.175488795763e+03 
       1.871638561277e-01       3.132499669947e+03 
       1.903154683466e-01       3.085169383073e+03 
       1.934670835279e-01       3.032387216026e+03 
       1.966187015269e-01       2.974074089757e+03 
       1.997703222084e-01       2.910635171682e+03 
       2.029219454462e-01       2.843448410931e+03 
       2.060735711216e-01       2.774226555059e+03 
       2.092251991237e-01       2.704770838893e+03 
       2.123768293480e-01       2.636745978263e+03 
       2.155284616962e-01       2.571745580735e+03 
       2.186800960758e-01       2.511216056430e+03 
       2.218317323996e-01       2.456003992915e+03 
       2.249833705854e-01       2.406562696246e+03 
       2.281350105553e-01       2.362934075457e+03 
       2.312866522360e-01       2.324870034233e+03 
       2.344382955581e-01       2.291598217182e+03 
       2.375899404557e-01       2.262219985963e+03 
       2.407415868666e-01       2.235634702295e+03 
       2.438932347317e-01       2.210611898566e+03 
       2.470448839951e-01       2.186145946708e+03 
       2.501965346035e-01       2.161374083095e+03 
       2.533481865065e-01       2.135609610436e+03 
       2.564998396561e-01       2.108390287702e+03 
       2.596514940065e-01       2.079528561083e+03 
       2.628031495144e-01       2.049023865818e+03 
       2.659548061382e-01       2.017186683559e+03 
       2.691064638387e-01       1.984494844074e+03 
       2.722581225782e-01       1.951563486463e+03 
       2.754097823208e-01       1.919031176714e+03 
       2.785614430322e-01       1.887540982458e+03 
       2.817131046799e-01       1.857514490958e+03 
       2.848647672325e-01       1.829371111413e+03 
       2.880164306601e-01       1.803227502471e+03 
       2.911680949343e-01       1.779155366814e+03 
       2.943197600276e-01       1.757080291775e+03 
       2.974714259139e-01       1.736818851524e+03 
       3.006230925681e-01       1.718064463631e+03 
       3.037747599662e-01       1.700551567368e+03 
       3.069264280852e-01       1.683838468324e+03 
       3.100780969029e-01       1.667619224641e+03 
       3.132297663982e-01       1.651532986683e+03 
       3.163814365508e-01       1.635311533928e+03 
       3.195331073410e-01       1.618791062729e+03 
       3.226847787501e-01       1.601875856117e+03 
       3.258364507601e-01       1.584581671680e+03 
       3.289881233535e-01       1.566978050914e+03 
       3.321397965138e-01       1.549214348102e+03 
       3.352914702249e-01       1.531371525687e+03 
       3.384431444713e-01       1.513710178291e+03 
       3.415948192380e-01       1.496342997750e+03 
       3.447464945109e-01       1.479452563151e+03 
       3.478981702760e-01       1.463206322356e+03 
       3.510498465201e-01       1.447660364262e+03 
       3.542015232302e-01       1.432914463036e+03 
       3.573532003941e-01       1.418921583762e+03 
       3.605048779998e-01       1.405653399932e+03 
       3.636565560356e-01       1.393013045567e+03 
       3.668082344906e-01       1.380908289403e+03 
       3.699599133539e-01       1.369204559093e+03 
       3.731115926152e-01       1.357819309447e+03 
       3.762632722643e-01       1.346619343668e+03 
       3.794149522917e-01       1.335557171106e+03 
       3.825666326879e-01       1.324540390250e+03 
       3.857183134438e-01       1.313519100652e+03 
       3.888699945507e-01       1.302496807210e+03 
       3.920216760000e-01       1.291427540993e+03 
       3.951733577835e-01       1.280340206946e+03 
       3.983250398933e-01       1.269349156569e+03 
       4.014767223217e-01       1.258415086855e+03 
       4.046284050611e-01       1.247650286108e+03 
       4.077800881044e-01       1.237085332444e+03 
       4.109317714445e-01       1.226771336935e+03 
       4.140834550746e-01       1.216687124294e+03 
       4.172351389881e-01       1.206911786504e+03 
       4.203868231787e-01       1.197399179425e+03 
       4.235385076401e-01       1.188189986591e+03 
       4.266901923662e-01       1.179268903412e+03 
       4.298418773513e-01       1.170631536448e+03 
       4.329935625897e-01       1.162207297316e+03 
       4.361452480758e-01       1.153977331632e+03 
       4.392969338044e-01       1.145908388521e+03 
       4.424486197701e-01       1.137953546835e+03 
       4.456003059681e-01       1.130091395297e+03 
       4.487519923932e-01       1.122321792230e+03 
       4.519036790409e-01       1.114618745285e+03 
       4.550553659063e-01       1.106990321602e+03 
       4.582070529852e-01       1.099385472733e+03 
       4.613587402729e-01       1.091848671717e+03 
       4.645104277653e-01       1.084372605246e+03 
       4.676621154583e-01       1.076973054565e+03 
       4.708138033477e-01       1.069665526808e+03 
       4.739654914297e-01       1.062468598559e+03 
       4.771171797004e-01       1.055399052166e+03 
       4.802688681561e-01       1.048480329976e+03 
       4.834205567932e-01       1.041688728875e+03 
       4.865722456081e-01       1.035036909234e+03 
       4.897239345974e-01       1.028510231958e+03 
       4.928756237577e-01       1.022131585386e+03 
       4.960273130858e-01       1.015868339005e+03 
       4.991790025784e-01       1.009719435099e+03 
       5.023306922326e-01       1.003674889909e+03 
       5.054823820451e-01       9.977220561683e+02 
       5.086340720131e-01       9.918408130157e+02 
       5.117857621337e-01       9.860337505929e+02 
       5.149374524042e-01       9.802844269527e+02 
       5.180891428216e-01       9.745902788381e+02 
       5.212408333834e-01       9.689518257594e+02 
       5.243925240870e-01       9.633709131305e+02 
       5.275442149298e-01       9.578506237781e+02 
       5.306959059094e-01       9.523918971239e+02 
       5.338475970232e-01       9.469961803785e+02 
       5.369992882689e-01       9.416651284670e+02 
       5.401509796443e-01       9.363999397651e+02 
       5.433026711470e-01       9.312053808352e+02 
       5.464543627748e-01       9.260839449894e+02 
       5.496060545256e-01       9.210378173010e+02 
       5.527577463973e-01       9.160670676614e+02 
       5.559094383878e-01       9.111695186351e+02 
       5.590611304951e-01       9.063410093144e+02 
       5.622128227172e-01       9.015773416574e+02 
       5.653645150522e-01       8.968750182374e+02 
       5.685162074982e-01       8.922360471200e+02 
       5.968567095013e-01       8.527289040970e+02 
       6.292366042054e-01       8.120009738411e+02 
       6.672323440491e-01       7.694516462210e+02 
       7.135027653463e-01       7.236479498995e+02 
       7.729064154028e-01       6.725094808960e+02 
       8.551354834100e-01       6.124293816214e+02 
       9.805125565127e-01       5.376756016417e+02 
       1.183883298711e+00       4.443210308755e+02 
       1.365374112507e+00       3.798379660018e+02 
       1.481729156680e+00       3.451184415102e+02 
       1.865079177292e+00       2.566758722613e+02 
       2.347993288388e+00       1.832668620853e+02 
       2.955948414703e+00       1.259833690093e+02 
       3.721318575222e+00       8.384810615144e+01 
       4.684862519729e+00       5.435829825969e+01 
       5.897892476849e+00       3.452022211946e+01 
       7.425006715135e+00       2.157740148600e+01 
       9.347529636426e+00       1.332679138006e+01 
       1.176784259680e+01       8.157648290062e+00 
       1.481483608710e+01       4.960395726045e+00 
       1.865077362162e+01       3.001437051787e+00 
       2.347993286187e+01       1.809511023266e+00 
       2.955948414703e+01       1.087990119051e+00 
       3.721318575222e+01       6.528675934587e-01 
       4.684862519729e+01       3.911889394057e-01 
       5.897892476849e+01       2.341398099942e-01 
