# Matter power spectrum P(k) at redshift z=0.35
# for k=1.04952e-05 to 58.9789 h/Mpc,
# number of wavenumbers equal to 575
#    1:k (h/Mpc)              2:P (Mpc/h)^3        
       1.049521996540e-05       3.220473039119e+01 
       2.312703140351e-05       6.912274041865e+01 
       3.580220203963e-05       1.054603510324e+02 
       4.855352787053e-05       1.415767510235e+02 
       6.141433211936e-05       1.776803503029e+02 
       7.441875102904e-05       2.139292258522e+02 
       8.760202852808e-05       2.504596160158e+02 
       1.010008235465e-04       2.873976581883e+02 
       1.146535337898e-04       3.248654426165e+02 
       1.286006398104e-04       3.629846846799e+02 
       1.428850732267e-04       4.018457677972e+02 
       1.575526129020e-04       4.416367203544e+02 
       1.726523127585e-04       4.824641867376e+02 
       1.882369646229e-04       5.244694964527e+02 
       2.043635989836e-04       5.678029136921e+02 
       2.210940257026e-04       6.126251016051e+02 
       2.384954154191e-04       6.591086127235e+02 
       2.566409204418e-04       7.074393817935e+02 
       2.756103311382e-04       7.578182372552e+02 
       2.954907599292e-04       8.104623985417e+02 
       3.163773396783e-04       8.656069276159e+02 
       3.383739161997e-04       9.235060765934e+02 
       3.615937054699e-04       9.844344465257e+02 
       3.861598746494e-04       1.048687850938e+03 
       4.122059921309e-04       1.116583729132e+03 
       4.398762757783e-04       1.188460940299e+03 
       4.693255511264e-04       1.264678691579e+03 
       5.007188142551e-04       1.345614371186e+03 
       5.342302801493e-04       1.431659972582e+03 
       5.700417908375e-04       1.523216851219e+03 
       6.083404640704e-04       1.620688536566e+03 
       6.493154893013e-04       1.724471464543e+03 
       6.931540295049e-04       1.834943587960e+03 
       7.400362688145e-04       1.952451100588e+03 
       7.901297556666e-04       2.077293764173e+03 
       8.435833195405e-04       2.209709651962e+03 
       9.005209670199e-04       2.349860445249e+03 
       9.610362618295e-04       2.497818586032e+03 
       1.025187732878e-03       2.653557674969e+03 
       1.092995810025e-03       2.816947300285e+03 
       1.164441652253e-03       2.987753116983e+03 
       1.239468023948e-03       3.165615680027e+03 
       1.317982131218e-03       3.350125961997e+03 
       1.365374112507e-03       3.460707025680e+03 
       1.399860102217e-03       3.540801251653e+03 
       1.484952629637e-03       3.737091517500e+03 
       1.573091217505e-03       3.938409180533e+03 
       1.664094490714e-03       4.144147598629e+03 
       1.757774114867e-03       4.353696152344e+03 
       1.853940004620e-03       4.566455163275e+03 
       1.952404638443e-03       4.781845905896e+03 
       2.052986422001e-03       4.999318848458e+03 
       2.155512137086e-03       5.218359419530e+03 
       2.259818574702e-03       5.438490687785e+03 
       2.365753482517e-03       5.659276025811e+03 
       2.473175965450e-03       5.880316717248e+03 
       2.581956471182e-03       6.101255136258e+03 
       2.691976476543e-03       6.321767716291e+03 
       2.803127971240e-03       6.541566189079e+03 
       2.915312815527e-03       6.760394404356e+03 
       3.028442030286e-03       6.978023806438e+03 
       3.142435062419e-03       7.194254974066e+03 
       3.257219055803e-03       7.408908504509e+03 
       3.372728148150e-03       7.621829982400e+03 
       3.488902806543e-03       7.832881436947e+03 
       3.605689208915e-03       8.041945987609e+03 
       3.723038674752e-03       8.248917444763e+03 
       3.840907145565e-03       8.453706487443e+03 
       3.959254713861e-03       8.656235544892e+03 
       4.078045198199e-03       8.856437227164e+03 
       4.197245761236e-03       9.054256331668e+03 
       4.316826567374e-03       9.249642024794e+03 
       4.436760476516e-03       9.442557141843e+03 
       4.557022770484e-03       9.632967726335e+03 
       4.677590908857e-03       9.820843533377e+03 
       4.798444311143e-03       1.000616760962e+04 
       4.919564162495e-03       1.018892003819e+04 
       5.040933240388e-03       1.036909072437e+04 
       5.162535759947e-03       1.054667104068e+04 
       5.284357235852e-03       1.072165293937e+04 
       5.406384358951e-03       1.089403810274e+04 
       5.528604885928e-03       1.106382208800e+04 
       5.651007540563e-03       1.123101184088e+04 
       5.773581925274e-03       1.139561399640e+04 
       5.896318441787e-03       1.155763086939e+04 
       6.019208219924e-03       1.171707287640e+04 
       6.142243053592e-03       1.187395229940e+04 
       6.265415343199e-03       1.202827491435e+04 
       6.388718043770e-03       1.218005899947e+04 
       6.512144618156e-03       1.232931909954e+04 
       6.635688994790e-03       1.247606602806e+04 
       6.759345529484e-03       1.262031644812e+04 
       6.883108970869e-03       1.276209036401e+04 
       7.006974429057e-03       1.290139642648e+04 
       7.130937347233e-03       1.303826002477e+04 
       7.254993475829e-03       1.317269874466e+04 
       7.379138849064e-03       1.330472944257e+04 
       7.503369763566e-03       1.343436268030e+04 
       7.627682758903e-03       1.356163417782e+04 
       7.752074599819e-03       1.368654612524e+04 
       7.876542260001e-03       1.380911860466e+04 
       8.001082907249e-03       1.392938208783e+04 
       8.125693889895e-03       1.404735902277e+04 
       8.250372724364e-03       1.416306055861e+04 
       8.375117083770e-03       1.427650224760e+04 
       8.499924787441e-03       1.438771786423e+04 
       8.624793791300e-03       1.449671632056e+04 
       8.749722179018e-03       1.460352050392e+04 
       8.874708153873e-03       1.470814757384e+04 
       8.999750031245e-03       1.481061702761e+04 
       9.124846231701e-03       1.491096724733e+04 
       9.249995274615e-03       1.500919865658e+04 
       9.375195772273e-03       1.510533482674e+04 
       9.500446424428e-03       1.519940085025e+04 
       9.625746013265e-03       1.529140728869e+04 
       9.751093398737e-03       1.538138326568e+04 
       9.876487514253e-03       1.546934693217e+04 
       1.000192736268e-02       1.555531363590e+04 
       1.012741201262e-02       1.563930341208e+04 
       1.025294059501e-02       1.572133381934e+04 
       1.037851229988e-02       1.580143795783e+04 
       1.050412637342e-02       1.587961047221e+04 
       1.062978211522e-02       1.595589216511e+04 
       1.075547887571e-02       1.603029182781e+04 
       1.088121605378e-02       1.610283170545e+04 
       1.100699309458e-02       1.617353346488e+04 
       1.113280948744e-02       1.624240397100e+04 
       1.125866476396e-02       1.630947678796e+04 
       1.138455849626e-02       1.637475647774e+04 
       1.151049029527e-02       1.643826878169e+04 
       1.163645980924e-02       1.650003401548e+04 
       1.176246672226e-02       1.656006470340e+04 
       1.188851075295e-02       1.661838296201e+04 
       1.201459165321e-02       1.667500243486e+04 
       1.214070920707e-02       1.672994195472e+04 
       1.226686322961e-02       1.678321690950e+04 
       1.239305356596e-02       1.683485488387e+04 
       1.251928009038e-02       1.688486506348e+04 
       1.264554270538e-02       1.693325982713e+04 
       1.277184134097e-02       1.698005896493e+04 
       1.289817595385e-02       1.702528584236e+04 
       1.302454652681e-02       1.706895549779e+04 
       1.315095306802e-02       1.711108418300e+04 
       1.327739561051e-02       1.715169488128e+04 
       1.340387421161e-02       1.719079573324e+04 
       1.353038895245e-02       1.722839357958e+04 
       1.365374112507e-02       1.726363495075e+04 
       1.365693993753e-02       1.726452964065e+04 
       1.378352729429e-02       1.729920071363e+04 
       1.391015117276e-02       1.733242284569e+04 
       1.403681174522e-02       1.736422478615e+04 
       1.416350920586e-02       1.739461447334e+04 
       1.429024377057e-02       1.742360500728e+04 
       1.441701567666e-02       1.745121055188e+04 
       1.454382518265e-02       1.747746501889e+04 
       1.467067256809e-02       1.750236372929e+04 
       1.479755813344e-02       1.752592608499e+04 
       1.492448219987e-02       1.754817370660e+04 
       1.505144510923e-02       1.756911149166e+04 
       1.517844722390e-02       1.758877346211e+04 
       1.530548892679e-02       1.760716347462e+04 
       1.543257062128e-02       1.762428875650e+04 
       1.555969273119e-02       1.764017790565e+04 
       1.568685570080e-02       1.765482819846e+04 
       1.581405999491e-02       1.766826715488e+04 
       1.594130609881e-02       1.768051472933e+04 
       1.606859451845e-02       1.769157716907e+04 
       1.619592578041e-02       1.770146757018e+04 
       1.632330043209e-02       1.771020495570e+04 
       1.645071904182e-02       1.771780461299e+04 
       1.657818219894e-02       1.772426527810e+04 
       1.670569051404e-02       1.772963293882e+04 
       1.683324461908e-02       1.773388909149e+04 
       1.696084516758e-02       1.773706083884e+04 
       1.708849283487e-02       1.773916294215e+04 
       1.721618831828e-02       1.774020727747e+04 
       1.734393233738e-02       1.774020414859e+04 
       1.747172563426e-02       1.773918402239e+04 
       1.759956897380e-02       1.773713821646e+04 
       1.772746314395e-02       1.773408804023e+04 
       1.785540895603e-02       1.773005167848e+04 
       1.798340724509e-02       1.772503760763e+04 
       1.811145887023e-02       1.771905483213e+04 
       1.823956471493e-02       1.771213193535e+04 
       1.836772568748e-02       1.770427021669e+04 
       1.849594272132e-02       1.769547867435e+04 
       1.862421677549e-02       1.768578460015e+04 
       1.875254883503e-02       1.767518220705e+04 
       1.888093991143e-02       1.766369767882e+04 
       1.900939104308e-02       1.765134029461e+04 
       1.913790329576e-02       1.763811013447e+04 
       1.926647776316e-02       1.762406450367e+04 
       1.939511556735e-02       1.760915816327e+04 
       1.952381785932e-02       1.759342634278e+04 
       1.965258581958e-02       1.757689733141e+04 
       1.978142065867e-02       1.755956562403e+04 
       1.991032361781e-02       1.754143653838e+04 
       2.003929596947e-02       1.752253439622e+04 
       2.016833901800e-02       1.750287224004e+04 
       2.029745410034e-02       1.748246700904e+04 
       2.042664258664e-02       1.746129010620e+04 
       2.055590588096e-02       1.743943212603e+04 
       2.068524542204e-02       1.741681976445e+04 
       2.081466268399e-02       1.739351759387e+04 
       2.094415917710e-02       1.736951601370e+04 
       2.107373644860e-02       1.734483319855e+04 
       2.120339608349e-02       1.731948409990e+04 
       2.133313970539e-02       1.729347321658e+04 
       2.146296897743e-02       1.726679897492e+04 
       2.159288560309e-02       1.723950350470e+04 
       2.172289132719e-02       1.721159487077e+04 
       2.185298793680e-02       1.718303819974e+04 
       2.198317726226e-02       1.715387938150e+04 
       2.211346117817e-02       1.712412889553e+04 
       2.224384160444e-02       1.709378951677e+04 
       2.237432050741e-02       1.706289928529e+04 
       2.250489990091e-02       1.703142653100e+04 
       2.263558184744e-02       1.699941149013e+04 
       2.276636845936e-02       1.696682701185e+04 
       2.289726190010e-02       1.693375306588e+04 
       2.302826438544e-02       1.690011194329e+04 
       2.315937818478e-02       1.686596402666e+04 
       2.329060562252e-02       1.683132542928e+04 
       2.342194907944e-02       1.679617228043e+04 
       2.355341099411e-02       1.676055362710e+04 
       2.368499386438e-02       1.672457593866e+04 
       2.381670024890e-02       1.668796857403e+04 
       2.394853276872e-02       1.665093878626e+04 
       2.408049410886e-02       1.661332014058e+04 
       2.421258702004e-02       1.657540040593e+04 
       2.434481432038e-02       1.653693462484e+04 
       2.447717889721e-02       1.649820685261e+04 
       2.460968370890e-02       1.645914215213e+04 
       2.474233178679e-02       1.641949203257e+04 
       2.487512623713e-02       1.637953836409e+04 
       2.500807024316e-02       1.633919208960e+04 
       2.514116706717e-02       1.629857964850e+04 
       2.527442005274e-02       1.625756705852e+04 
       2.540783262693e-02       1.621611836170e+04 
       2.554140830266e-02       1.617438880351e+04 
       2.567515068109e-02       1.613195569367e+04 
       2.580906345412e-02       1.608949671435e+04 
       2.594315040699e-02       1.604657814503e+04 
       2.607741542092e-02       1.600343507061e+04 
       2.621186247592e-02       1.595997725150e+04 
       2.634649565360e-02       1.591634456392e+04 
       2.648131914018e-02       1.587208536495e+04 
       2.661633722956e-02       1.582776888759e+04 
       2.675155432646e-02       1.578325584341e+04 
       2.688697494980e-02       1.573847743579e+04 
       2.702260373605e-02       1.569323547369e+04 
       2.715844544282e-02       1.564797010243e+04 
       2.729450495252e-02       1.560223106337e+04 
       2.743078727620e-02       1.555635077194e+04 
       2.756729755751e-02       1.551034703793e+04 
       2.770404107680e-02       1.546380551067e+04 
       2.784102325542e-02       1.541720280704e+04 
       2.797824966012e-02       1.537029892191e+04 
       2.811572600772e-02       1.532342094173e+04 
       2.825345816984e-02       1.527619218937e+04 
       2.839145217793e-02       1.522871785586e+04 
       2.852971422842e-02       1.518113145871e+04 
       2.866825068814e-02       1.513328609732e+04 
       2.880706809989e-02       1.508535587147e+04 
       2.894617318833e-02       1.503716021249e+04 
       2.908557286599e-02       1.498883845644e+04 
       2.922527423967e-02       1.494031363568e+04 
       2.936528461699e-02       1.489173155978e+04 
       2.950561151327e-02       1.484299738849e+04 
       2.964626265871e-02       1.479397997118e+04 
       2.978724600587e-02       1.474508015703e+04 
       2.992856973743e-02       1.469565363477e+04 
       3.007024227437e-02       1.464629100094e+04 
       3.021227228447e-02       1.459679184874e+04 
       3.035466869112e-02       1.454721228967e+04 
       3.049744068270e-02       1.449747735614e+04 
       3.064059772216e-02       1.444758912083e+04 
       3.078414955727e-02       1.439769799920e+04 
       3.092810623112e-02       1.434763488460e+04 
       3.107247809328e-02       1.429746069760e+04 
       3.121727581141e-02       1.424715384894e+04 
       3.136251038344e-02       1.419679061663e+04 
       3.150819315026e-02       1.414644795463e+04 
       3.165433580918e-02       1.409589668438e+04 
       3.180095042788e-02       1.404531627034e+04 
       3.194804945918e-02       1.399464436349e+04 
       3.209564575643e-02       1.394384052145e+04 
       3.224375258975e-02       1.389304718029e+04 
       3.239238366311e-02       1.384220279936e+04 
       3.254155313219e-02       1.379125529810e+04 
       3.269127562329e-02       1.374025374675e+04 
       3.284156625309e-02       1.368917275212e+04 
       3.299244064961e-02       1.363806562062e+04 
       3.314391497415e-02       1.358683334154e+04 
       3.329600594452e-02       1.353566018096e+04 
       3.344873085946e-02       1.348429207319e+04 
       3.360210762447e-02       1.343311154885e+04 
       3.375615477904e-02       1.338171173417e+04 
       3.391089152544e-02       1.333037594078e+04 
       3.406633775914e-02       1.327893961475e+04 
       3.422251410098e-02       1.322735599549e+04 
       3.437944193124e-02       1.317584295680e+04 
       3.453714342572e-02       1.312448673233e+04 
       3.469564159391e-02       1.307277461221e+04 
       3.485496031959e-02       1.302119054987e+04 
       3.501512440381e-02       1.296962239940e+04 
       3.517615961053e-02       1.291793101250e+04 
       3.533809271520e-02       1.286630425830e+04 
       3.550095155638e-02       1.281458583953e+04 
       3.566476509059e-02       1.276280768591e+04 
       3.582956345090e-02       1.271104509747e+04 
       3.599537800921e-02       1.265937965339e+04 
       3.616224144278e-02       1.260751832326e+04 
       3.633018780522e-02       1.255572891233e+04 
       3.649925260238e-02       1.250393396092e+04 
       3.666947287342e-02       1.245223538449e+04 
       3.684088727768e-02       1.240004050281e+04 
       3.701353618767e-02       1.234820173804e+04 
       3.718746178881e-02       1.229641307974e+04 
       3.736270818650e-02       1.224421724346e+04 
       3.753932152108e-02       1.219212599198e+04 
       3.771735009151e-02       1.214018425364e+04 
       3.789684448856e-02       1.208807571644e+04 
       3.807785773819e-02       1.203596925503e+04 
       3.826044545641e-02       1.198410869110e+04 
       3.844466601636e-02       1.193190311110e+04 
       3.863058072912e-02       1.187948821987e+04 
       3.881825403931e-02       1.182717191757e+04 
       3.900775373718e-02       1.177488202256e+04 
       3.919915118867e-02       1.172254297596e+04 
       3.939252158552e-02       1.167031964789e+04 
       3.958794421722e-02       1.161762330882e+04 
       3.978550276748e-02       1.156509591249e+04 
       3.998528563753e-02       1.151247154275e+04 
       4.018738629947e-02       1.145984436758e+04 
       4.039190368285e-02       1.140731797817e+04 
       4.059894259839e-02       1.135450970711e+04 
       4.080861420303e-02       1.130159590599e+04 
       4.102103651135e-02       1.124837656624e+04 
       4.123633495873e-02       1.119550089517e+04 
       4.145464302275e-02       1.114200798536e+04 
       4.167610291004e-02       1.108869065821e+04 
       4.190086631689e-02       1.103549375924e+04 
       4.212909527328e-02       1.098170538119e+04 
       4.236096308119e-02       1.092826693447e+04 
       4.259665536020e-02       1.087427679022e+04 
       4.283637121485e-02       1.082001094761e+04 
       4.308032454123e-02       1.076589043466e+04 
       4.332874549257e-02       1.071142544458e+04 
       4.358188212733e-02       1.065680801730e+04 
       4.384000226720e-02       1.060215633426e+04 
       4.410339559722e-02       1.054702884103e+04 
       4.437237604613e-02       1.049153169576e+04 
       4.464728449199e-02       1.043600622217e+04 
       4.492849184662e-02       1.038006040677e+04 
       4.521640258286e-02       1.032387472965e+04 
       4.551145878105e-02       1.026745384645e+04 
       4.581414478669e-02       1.021071010696e+04 
       4.612499259042e-02       1.015326545932e+04 
       4.644458806457e-02       1.009562242371e+04 
       4.677357822008e-02       1.003742817366e+04 
       4.711267968374e-02       9.978813644371e+03 
       4.746268864115e-02       9.919878742819e+03 
       4.782449254793e-02       9.859932577233e+03 
       4.819908398384e-02       9.799669041889e+03 
       4.858757711544e-02       9.738525337632e+03 
       4.899122734876e-02       9.676825280133e+03 
       4.941145490069e-02       9.614192063916e+03 
       4.984987320553e-02       9.550757078058e+03 
       5.030832331237e-02       9.486404904055e+03 
       5.078891573332e-02       9.420866756917e+03 
       5.129408158764e-02       9.353927890520e+03 
       5.182663536882e-02       9.285787637636e+03 
       5.238985225398e-02       9.216158924380e+03 
       5.298756357877e-02       9.144867888765e+03 
       5.362427488643e-02       9.071319400928e+03 
       5.430531172732e-02       8.995656080535e+03 
       5.503699888707e-02       8.917233816278e+03 
       5.582687841361e-02       8.835658635791e+03 
       5.668396957533e-02       8.750229650175e+03 
       5.761906753035e-02       8.660311027349e+03 
       5.864506299435e-02       8.564496202220e+03 
       5.977723569834e-02       8.461742903163e+03 
       6.103341976173e-02       8.349983099717e+03 
       6.243384855685e-02       8.226842803981e+03 
       6.400036196696e-02       8.088805299795e+03 
       6.575454963443e-02       7.931663972787e+03 
       6.771446641855e-02       7.750659766269e+03 
       6.989006944543e-02       7.541077210469e+03 
       7.227864884879e-02       7.298498337774e+03 
       7.486267277108e-02       7.021801462099e+03 
       7.761212150076e-02       6.714537323422e+03 
       8.049081394618e-02       6.383588747587e+03 
       8.346354658450e-02       6.040776843845e+03 
       8.650089508571e-02       5.699056069071e+03 
       8.958079831471e-02       5.370361058350e+03 
       9.268791548944e-02       5.065830920531e+03 
       9.581210192839e-02       4.792571872469e+03 
       9.894686368717e-02       4.554925464419e+03 
       1.020881283099e-01       4.353689845338e+03 
       1.052333742697e-01       4.187266509157e+03 
       1.083810524625e-01       4.051588498305e+03 
       1.115302156473e-01       3.940820050705e+03 
       1.146802861836e-01       3.848629232602e+03 
       1.178309123281e-01       3.768038010381e+03 
       1.209818800150e-01       3.692433697022e+03 
       1.241330589507e-01       3.615992256835e+03 
       1.272843697688e-01       3.534256762242e+03 
       1.304357640513e-01       3.444371617713e+03 
       1.335872121867e-01       3.345149510755e+03 
       1.365374112507e-01       3.244362249981e+03 
       1.367386959966e-01       3.237164382291e+03 
       1.398902042570e-01       3.122558539104e+03 
       1.430417299799e-01       3.004265032522e+03 
       1.461932687616e-01       2.885751566171e+03 
       1.493448177797e-01       2.770554459665e+03 
       1.524963751828e-01       2.661875995791e+03 
       1.556479397195e-01       2.562120664353e+03 
       1.587995105124e-01       2.473116028603e+03 
       1.619510869195e-01       2.395464369767e+03 
       1.651026684502e-01       2.329113991033e+03 
       1.682542547128e-01       2.273155411492e+03 
       1.714058453823e-01       2.226070500878e+03 
       1.745574401805e-01       2.186145665393e+03 
       1.777090388630e-01       2.151137350317e+03 
       1.808606412112e-01       2.119315712863e+03 
       1.840122470266e-01       2.088153030834e+03 
       1.871638561277e-01       2.055965334817e+03 
       1.903154683466e-01       2.021258190874e+03 
       1.934670835279e-01       1.983294861084e+03 
       1.966187015269e-01       1.942052712269e+03 
       1.997703222084e-01       1.897780104893e+03 
       2.029219454462e-01       1.851346106633e+03 
       2.060735711216e-01       1.803807212176e+03 
       2.092251991237e-01       1.756329130104e+03 
       2.123768293480e-01       1.709910640827e+03 
       2.155284616962e-01       1.665562574927e+03 
       2.186800960758e-01       1.624156619166e+03 
       2.218317323996e-01       1.586231043265e+03 
       2.249833705854e-01       1.552077059648e+03 
       2.281350105553e-01       1.521695844615e+03 
       2.312866522360e-01       1.494934519711e+03 
       2.344382955581e-01       1.471319966105e+03 
       2.375899404557e-01       1.450198160489e+03 
       2.407415868666e-01       1.430956190677e+03 
       2.438932347317e-01       1.412791343849e+03 
       2.470448839951e-01       1.395043661890e+03 
       2.501965346035e-01       1.377221915878e+03 
       2.533481865065e-01       1.358847964913e+03 
       2.564998396561e-01       1.339641580035e+03 
       2.596514940065e-01       1.319498350097e+03 
       2.628031495144e-01       1.298415878064e+03 
       2.659548061382e-01       1.276569759334e+03 
       2.691064638387e-01       1.254260344734e+03 
       2.722581225782e-01       1.231877909067e+03 
       2.754097823208e-01       1.209798889805e+03 
       2.785614430322e-01       1.188431234249e+03 
       2.817131046799e-01       1.168042584014e+03 
       2.848647672325e-01       1.148879968125e+03 
       2.880164306601e-01       1.131027550042e+03 
       2.911680949343e-01       1.114523186417e+03 
       2.943197600276e-01       1.099324686263e+03 
       2.974714259139e-01       1.085299090334e+03 
       3.006230925681e-01       1.072271941312e+03 
       3.037747599662e-01       1.060061005185e+03 
       3.069264280852e-01       1.048407468866e+03 
       3.100780969029e-01       1.037097809945e+03 
       3.132297663982e-01       1.025910840810e+03 
       3.163814365508e-01       1.014675755762e+03 
       3.195331073410e-01       1.003284352127e+03 
       3.226847787501e-01       9.916874651555e+02 
       3.258364507601e-01       9.798843027799e+02 
       3.289881233535e-01       9.679179913948e+02 
       3.321397965138e-01       9.558739258165e+02 
       3.352914702249e-01       9.438211839581e+02 
       3.384431444713e-01       9.318952370963e+02 
       3.415948192380e-01       9.201865234297e+02 
       3.447464945109e-01       9.088063835975e+02 
       3.478981702760e-01       8.978435042569e+02 
       3.510498465201e-01       8.873575627226e+02 
       3.542015232302e-01       8.773912263104e+02 
       3.573532003941e-01       8.679210815667e+02 
       3.605048779998e-01       8.589316358580e+02 
       3.636565560356e-01       8.503604121843e+02 
       3.668082344906e-01       8.421408768100e+02 
       3.699599133539e-01       8.342065782302e+02 
       3.731115926152e-01       8.264792543258e+02 
       3.762632722643e-01       8.188927966072e+02 
       3.794149522917e-01       8.114125058388e+02 
       3.825666326879e-01       8.039829794962e+02 
       3.857183134438e-01       7.965580361379e+02 
       3.888699945507e-01       7.891444303197e+02 
       3.920216760000e-01       7.817137204649e+02 
       3.951733577835e-01       7.742904323845e+02 
       3.983250398933e-01       7.669330711963e+02 
       4.014767223217e-01       7.596301150353e+02 
       4.046284050611e-01       7.524422013193e+02 
       4.077800881044e-01       7.453918562997e+02 
       4.109317714445e-01       7.385118689173e+02 
       4.140834550746e-01       7.317889586973e+02 
       4.172351389881e-01       7.252729177752e+02 
       4.203868231787e-01       7.189341630345e+02 
       4.235385076401e-01       7.128006404291e+02 
       4.266901923662e-01       7.068601211625e+02 
       4.298418773513e-01       7.011074106956e+02 
       4.329935625897e-01       6.955039237748e+02 
       4.361452480758e-01       6.900337360094e+02 
       4.392969338044e-01       6.846757675534e+02 
       4.424486197701e-01       6.793975709905e+02 
       4.456003059681e-01       6.741899210245e+02 
       4.487519923932e-01       6.690447800366e+02 
       4.519036790409e-01       6.639485350622e+02 
       4.550553659063e-01       6.589023010298e+02 
       4.582070529852e-01       6.538842738817e+02 
       4.613587402729e-01       6.489110897614e+02 
       4.645104277653e-01       6.439814574605e+02 
       4.676621154583e-01       6.391062656477e+02 
       4.708138033477e-01       6.342947243439e+02 
       4.739654914297e-01       6.295582481506e+02 
       4.771171797004e-01       6.249098093896e+02 
       4.802688681561e-01       6.203615573713e+02 
       4.834205567932e-01       6.159028446233e+02 
       4.865722456081e-01       6.115391354671e+02 
       4.897239345974e-01       6.072633858206e+02 
       4.928756237577e-01       6.030826844019e+02 
       4.960273130858e-01       5.989845991523e+02 
       4.991790025784e-01       5.949649828984e+02 
       5.023306922326e-01       5.910171453840e+02 
       5.054823820451e-01       5.871324584972e+02 
       5.086340720131e-01       5.833011166964e+02 
       5.117857621337e-01       5.795181392686e+02 
       5.149374524042e-01       5.757747161655e+02 
       5.180891428216e-01       5.720696922306e+02 
       5.212408333834e-01       5.684034195737e+02 
       5.243925240870e-01       5.647768939357e+02 
       5.275442149298e-01       5.611923471046e+02 
       5.306959059094e-01       5.576499278170e+02 
       5.338475970232e-01       5.541506045196e+02 
       5.369992882689e-01       5.506957405214e+02 
       5.401509796443e-01       5.472852603191e+02 
       5.433026711470e-01       5.439238209577e+02 
       5.464543627748e-01       5.406124693964e+02 
       5.496060545256e-01       5.373527306107e+02 
       5.527577463973e-01       5.341446880814e+02 
       5.559094383878e-01       5.309868810142e+02 
       5.590611304951e-01       5.278764722053e+02 
       5.622128227172e-01       5.248105848966e+02 
       5.653645150522e-01       5.217868136165e+02 
       5.685162074982e-01       5.188044382684e+02 
       5.968567095013e-01       4.935161175527e+02 
       6.292366042054e-01       4.676328059439e+02 
       6.672323440491e-01       4.408357056973e+02 
       7.135027653463e-01       4.122846537654e+02 
       7.729064154028e-01       3.808176714998e+02 
       8.551354834100e-01       3.444648836880e+02 
       9.805125565127e-01       3.002658041415e+02 
       1.183883298711e+00       2.467857035294e+02 
       1.365374112507e+00       2.109200915925e+02 
       1.481729156680e+00       1.919171187222e+02 
       1.865079177292e+00       1.441093958621e+02 
       2.347993288388e+00       1.044093609599e+02 
       2.955948414703e+00       7.283398572908e+01 
       3.721318575222e+00       4.903013139270e+01 
       4.684862519729e+00       3.200882353145e+01 
       5.897892476849e+00       2.037820099255e+01 
       7.425006715135e+00       1.271803905761e+01 
       9.347529636426e+00       7.816229992456e+00 
       1.176784259680e+01       4.747965989734e+00 
       1.481483608710e+01       2.859045381363e+00 
       1.865077362162e+01       1.710462092202e+00 
       2.347993286187e+01       1.018406858160e+00 
       2.955948414703e+01       6.042186065234e-01 
       3.721318575222e+01       3.575515520502e-01 
       4.684862519729e+01       2.111810466063e-01 
       5.897892476849e+01       1.245556310452e-01 
